21,41
21,42
21,43
21,44
21,45
21,46
21,47
21,48
21,49
21,50
21,51
21,52
21,53
21,54
21,55
21,56
21,57
21,58
21,59
21,60
21,61
21,62
21,63
21,64
21,65
21,66
21,67
21,68
21,69
21,70
21,71
21,72
21,73
21,74
21,75
21,76
21,77
21,78
21,79
21,80
21,81
21,82
21,83
21,84
21,85
21,86
21,87
21,88
21,89
21,90
21,91
21,92
21,93
21,94
21,95
21,96
21,97
21,98
21,99
21,100
21,101
21,102
21,103
21,104
21,105
21,106
21,107
21,108
21,109
21,110
21,111
21,112
21,113
21,114
21,115
21,116
21,117
21,118
21,119
21,120
21,121
21,122
21,123
21,124
21,125
21,126
21,127
21,128
21,129
21,130
21,131
21,132
21,133
21,134
21,135
21,136
21,137
21,138
21,139
21,140
21,141
21,142
21,143
21,144
21,145
21,146
21,147
21,148
21,149
21,150
21,151
21,152
21,153
21,154
21,155
21,156
21,157
21,158
21,159
21,160
21,161
21,162
21,163
21,164
21,165
21,166
21,167
21,168
21,169
21,170
21,171
21,172
21,173
21,174
21,175
21,176
21,177
21,178
21,179
21,180
21,181
21,182
21,183
21,184
21,185
21,186
21,187
21,188
21,189
21,190
21,191
21,192
21,193
21,194
21,195
21,196
21,197
21,198
21,199
21,200
21,201
21,202
21,203
21,204
21,205
21,206
21,207
21,208
21,209
21,210
21,211
21,212
21,213
21,214
21,215
21,216
21,217
21,218
21,219
21,220
21,221
21,222
21,223
21,224
21,225
21,226
21,227
21,228
21,229
21,230
21,231
21,232
21,233
21,234
21,235
21,236
21,237
21,238
21,239
21,240
21,241
21,242
21,243
21,244
21,245
21,246
21,247
21,248
21,249
21,250
21,251
21,252
21,253
21,254
21,255
21,256
21,257
21,258
21,259
21,260
21,261
21,262
21,263
21,264
21,265
21,266
21,267
21,268
21,269
21,270
21,271
21,272
21,273
21,274
21,275
21,276
21,277
21,278
21,279
21,280
21,281
21,282
21,283
21,284
21,285
21,286
21,287
21,288
21,289
21,290
21,291
21,292
21,293
21,294
21,295
21,296
21,297
21,298
21,299
21,300
21,301
21,302
21,303
21,304
21,305
21,306
21,307
21,308
21,309
21,310
21,311
21,312
21,313
21,314
21,315
21,316
21,317
21,318
21,319
21,320
21,321
21,322
21,323
21,324
21,325
21,326
21,327
21,328
21,329
21,330
21,331
21,332
21,333
21,334
21,335
21,336
21,337
21,338
21,339
21,340
21,341
21,342
21,343
21,344
21,345
21,346
21,347
21,348
21,349
21,350
21,351
21,352
21,353
21,354
21,355
21,356
21,357
21,358
21,359
21,360
21,361
21,362
21,363
21,364
21,365
21,366
21,367
21,368
21,369
21,370
21,371
21,372
21,373
21,374
21,375
21,376
21,377
21,378
21,379
21,380
21,381
21,382
21,383
21,384
21,385
21,386
21,387
21,388
21,389
21,390
21,391
21,392
21,393
21,394
21,395
21,396
21,397
21,398
21,399
21,400
21,401
21,402
21,403
21,404
21,405
21,406
21,407
21,408
21,409
21,410
21,411
21,412
21,413
21,414
21,415
21,416
21,417
21,418
21,419
21,420
21,421
21,422
21,423
21,424
21,425
21,426
21,427
21,428
21,429
21,430
21,431
21,432
21,433
21,434
21,435
21,436
21,437
21,438
21,439
21,440
21,441
21,442
21,443
21,444
21,445
21,446
21,447
21,448
21,449
21,450
21,451
21,452
21,453
21,454
21,455
21,456
21,457
21,458
21,459
21,460
21,461
21,462
21,463
21,464
21,465
21,466
21,467
21,468
21,469
21,470
21,471
21,472
21,473
21,474
21,475
21,476
21,477
21,478
21,479
21,480
21,481
21,482
21,483
21,484
21,485
21,486
21,487
21,488
21,489
21,490
21,491
21,492
21,493
21,494
21,495
21,496
21,497
21,498
21,499
21,500
21,501
21,502
21,503
21,504
21,505
21,506
21,507
21,508
21,509
21,510
21,511
21,512
21,513
21,514
21,515
21,516
21,517
21,518
21,519
21,520
21,521
21,522
21,523
21,524
21,525
21,526
21,527
21,528
21,529
21,530
21,531
21,532
21,533
21,534
21,535
21,536
21,537
21,538
21,539
21,540
21,541
21,542
21,543
21,544
21,545
21,546
21,547
21,548
21,549
21,550
21,551
21,552
21,553
21,554
21,555
21,556
21,557
21,558
21,559
21,560
21,561
21,562
21,563
21,564
21,565
21,566
21,567
21,568
21,569
21,570
21,571
21,572
21,573
21,574
21,575
21,576
21,577
21,578
21,579
21,580
21,581
21,582
21,583
21,584
21,585
21,586
21,587
21,588
21,589
21,590
21,591
21,592
21,593
21,594
21,595
21,596
21,597
21,598
21,599
21,600
21,601
21,602
21,603
21,604
21,605
21,606
21,607
21,608
21,609
21,610
21,611
21,612
21,613
21,614
21,615
21,616
21,617
21,618
21,619
21,620
21,621
21,622
21,623
21,624
21,625
21,626
21,627
21,628
21,629
21,630
21,631
21,632
21,633
21,634
21,635
21,636
21,637
21,638
21,639
21,640
21,641
21,642
21,643
21,644
21,645
21,646
21,647
21,648
21,649
21,650
21,651
21,652
21,653
21,654
21,655
21,656
21,657
21,658
21,659
21,660
21,661
21,662
21,663
21,664
21,665
21,666
21,667
21,668
21,669
21,670
21,671
21,672
21,673
21,674
21,675
21,676
21,677
21,678
21,679
21,680
21,681
21,682
21,683
21,684
21,685
21,686
21,687
21,688
21,689
21,690
21,691
21,692
21,693
21,694
21,695
21,696
21,697
21,698
21,699
21,700
21,701
21,702
21,703
21,704
21,705
21,706
21,707
21,708
21,709
21,710
21,711
21,712
21,713
21,714
21,715
21,716
21,717
21,718
21,719
21,720
21,721
21,722
21,723
21,724
21,725
21,726
21,727
21,728
21,729
21,730
21,731
21,732
21,733
21,734
21,735
21,736
21,737
21,738
21,739
21,740
21,741
21,742
21,743
21,744
21,745
21,746
21,747
21,748
21,749
21,750
21,751
21,752
21,753
21,754
21,755
21,756
21,757
21,758
21,759
21,760
21,761
21,762
21,763
21,764
21,765
21,766
21,767
21,768
21,769
21,770
21,771
21,772
21,773
21,774
21,775
21,776
21,777
21,778
21,779
21,780
21,781
21,782
21,783
21,784
21,785
21,786
21,787
21,788
21,789
21,790
21,791
21,792
21,793
21,794
21,795
21,796
21,797
21,798
21,799
21,800
21,801
21,802
21,803
21,804
21,805
21,806
21,807
21,808
21,809
21,810
21,811
21,812
21,813
21,814
21,815
21,816
21,817
21,818
21,819
21,820
21,821
21,822
21,823
21,824
21,825
21,826
21,827
21,828
21,829
21,830
21,831
21,832
21,833
21,834
21,835
21,836
21,837
21,838
21,839
21,840
21,841
21,842
21,843
21,844
21,845
21,846
21,847
21,848
21,849
21,850
21,851
21,852
21,853
21,854
21,855
21,856
21,857
21,858
21,859
21,860
21,861
21,862
21,863
21,864
21,865
21,866
21,867
21,868
21,869
21,870
21,871
21,872
21,873
21,874
21,875
21,876
21,877
21,878
21,879
21,880
21,881
21,882
21,883
21,884
21,885
21,886
21,887
21,888
21,889
21,890
21,891
21,892
21,893
21,894
21,895
21,896
21,897
21,898
21,899
21,900
21,901
21,902
21,903
21,904
21,905
21,906
21,907
21,908
21,909
21,910
21,911
21,912
21,913
21,914
21,915
21,916
21,917
21,918
21,919
21,920
21,921
21,922
21,923
21,924
21,925
21,926
21,927
21,928
21,929
21,930
21,931
21,932
21,933
21,934
21,935
21,936
21,937
21,938
21,939
21,940
21,941
21,942
21,943
21,944
21,945
21,946
21,947
21,948
21,949
21,950
21,951
21,952
21,953
21,954
21,955
21,956
21,957
21,958
21,959
21,960
21,961
21,962
21,963
21,964
21,965
21,966
21,967
21,968
21,969
21,970
21,971
21,972
21,973
21,974
21,975
21,976
21,977
21,978
21,979
21,980
21,981
21,982
21,983
21,984
21,985
21,986
21,987
21,988
21,989
21,990
21,991
21,992
21,993
21,994
21,995
21,996
21,997
21,998
21,999
21,-41
21,-42
21,-43
21,-44
21,-45
21,-46
21,-47
21,-48
21,-49
21,-50
21,-51
21,-52
21,-53
21,-54
21,-55
21,-56
21,-57
21,-58
21,-59
21,-60
21,-61
21,-62
21,-63
21,-64
21,-65
21,-66
21,-67
21,-68
21,-69
21,-70
21,-71
21,-72
21,-73
21,-74
21,-75
21,-76
21,-77
21,-78
21,-79
21,-80
21,-81
21,-82
21,-83
21,-84
21,-85
21,-86
21,-87
21,-88
21,-89
21,-90
21,-91
21,-92
21,-93
21,-94
21,-95
21,-96
21,-97
21,-98
21,-99
21,-100
21,-101
21,-102
21,-103
21,-104
21,-105
21,-106
21,-107
21,-108
21,-109
21,-110
21,-111
21,-112
21,-113
21,-114
21,-115
21,-116
21,-117
21,-118
21,-119
21,-120
21,-121
21,-122
21,-123
21,-124
21,-125
21,-126
21,-127
21,-128
21,-129
21,-130
21,-131
21,-132
21,-133
21,-134
21,-135
21,-136
21,-137
21,-138
21,-139
21,-140
21,-141
21,-142
21,-143
21,-144
21,-145
21,-146
21,-147
21,-148
21,-149
21,-150
21,-151
21,-152
21,-153
21,-154
21,-155
21,-156
21,-157
21,-158
21,-159
21,-160
21,-161
21,-162
21,-163
21,-164
21,-165
21,-166
21,-167
21,-168
21,-169
21,-170
21,-171
21,-172
21,-173
21,-174
21,-175
21,-176
21,-177
21,-178
21,-179
21,-180
21,-181
21,-182
21,-183
21,-184
21,-185
21,-186
21,-187
21,-188
21,-189
21,-190
21,-191
21,-192
21,-193
21,-194
21,-195
21,-196
21,-197
21,-198
21,-199
21,-200
21,-201
21,-202
21,-203
21,-204
21,-205
21,-206
21,-207
21,-208
21,-209
21,-210
21,-211
21,-212
21,-213
21,-214
21,-215
21,-216
21,-217
21,-218
21,-219
21,-220
21,-221
21,-222
21,-223
21,-224
21,-225
21,-226
21,-227
21,-228
21,-229
21,-230
21,-231
21,-232
21,-233
21,-234
21,-235
21,-236
21,-237
21,-238
21,-239
21,-240
21,-241
21,-242
21,-243
21,-244
21,-245
21,-246
21,-247
21,-248
21,-249
21,-250
21,-251
21,-252
21,-253
21,-254
21,-255
21,-256
21,-257
21,-258
21,-259
21,-260
21,-261
21,-262
21,-263
21,-264
21,-265
21,-266
21,-267
21,-268
21,-269
21,-270
21,-271
21,-272
21,-273
21,-274
21,-275
21,-276
21,-277
21,-278
21,-279
21,-280
21,-281
21,-282
21,-283
21,-284
21,-285
21,-286
21,-287
21,-288
21,-289
21,-290
21,-291
21,-292
21,-293
21,-294
21,-295
21,-296
21,-297
21,-298
21,-299
21,-300
21,-301
21,-302
21,-303
21,-304
21,-305
21,-306
21,-307
21,-308
21,-309
21,-310
21,-311
21,-312
21,-313
21,-314
21,-315
21,-316
21,-317
21,-318
21,-319
21,-320
21,-321
21,-322
21,-323
21,-324
21,-325
21,-326
21,-327
21,-328
21,-329
21,-330
21,-331
21,-332
21,-333
21,-334
21,-335
21,-336
21,-337
21,-338
21,-339
21,-340
21,-341
21,-342
21,-343
21,-344
21,-345
21,-346
21,-347
21,-348
21,-349
21,-350
21,-351
21,-352
21,-353
21,-354
21,-355
21,-356
21,-357
21,-358
21,-359
21,-360
21,-361
21,-362
21,-363
21,-364
21,-365
21,-366
21,-367
21,-368
21,-369
21,-370
21,-371
21,-372
21,-373
21,-374
21,-375
21,-376
21,-377
21,-378
21,-379
21,-380
21,-381
21,-382
21,-383
21,-384
21,-385
21,-386
21,-387
21,-388
21,-389
21,-390
21,-391
21,-392
21,-393
21,-394
21,-395
21,-396
21,-397
21,-398
21,-399
21,-400
21,-401
21,-402
21,-403
21,-404
21,-405
21,-406
21,-407
21,-408
21,-409
21,-410
21,-411
21,-412
21,-413
21,-414
21,-415
21,-416
21,-417
21,-418
21,-419
21,-420
21,-421
21,-422
21,-423
21,-424
21,-425
21,-426
21,-427
21,-428
21,-429
21,-430
21,-431
21,-432
21,-433
21,-434
21,-435
21,-436
21,-437
21,-438
21,-439
21,-440
21,-441
21,-442
21,-443
21,-444
21,-445
21,-446
21,-447
21,-448
21,-449
21,-450
21,-451
21,-452
21,-453
21,-454
21,-455
21,-456
21,-457
21,-458
21,-459
21,-460
21,-461
21,-462
21,-463
21,-464
21,-465
21,-466
21,-467
21,-468
21,-469
21,-470
21,-471
21,-472
21,-473
21,-474
21,-475
21,-476
21,-477
21,-478
21,-479
21,-480
21,-481
21,-482
21,-483
21,-484
21,-485
21,-486
21,-487
21,-488
21,-489
21,-490
21,-491
21,-492
21,-493
21,-494
21,-495
21,-496
21,-497
21,-498
21,-499
21,-500
21,-501
21,-502
21,-503
21,-504
21,-505
21,-506
21,-507
21,-508
21,-509
21,-510
21,-511
21,-512
21,-513
21,-514
21,-515
21,-516
21,-517
21,-518
21,-519
21,-520
21,-521
21,-522
21,-523
21,-524
21,-525
21,-526
21,-527
21,-528
21,-529
21,-530
21,-531
21,-532
21,-533
21,-534
21,-535
21,-536
21,-537
21,-538
21,-539
21,-540
21,-541
21,-542
21,-543
21,-544
21,-545
21,-546
21,-547
21,-548
21,-549
21,-550
21,-551
21,-552
21,-553
21,-554
21,-555
21,-556
21,-557
21,-558
21,-559
21,-560
21,-561
21,-562
21,-563
21,-564
21,-565
21,-566
21,-567
21,-568
21,-569
21,-570
21,-571
21,-572
21,-573
21,-574
21,-575
21,-576
21,-577
21,-578
21,-579
21,-580
21,-581
21,-582
21,-583
21,-584
21,-585
21,-586
21,-587
21,-588
21,-589
21,-590
21,-591
21,-592
21,-593
21,-594
21,-595
21,-596
21,-597
21,-598
21,-599
21,-600
21,-601
21,-602
21,-603
21,-604
21,-605
21,-606
21,-607
21,-608
21,-609
21,-610
21,-611
21,-612
21,-613
21,-614
21,-615
21,-616
21,-617
21,-618
21,-619
21,-620
21,-621
21,-622
21,-623
21,-624
21,-625
21,-626
21,-627
21,-628
21,-629
21,-630
21,-631
21,-632
21,-633
21,-634
21,-635
21,-636
21,-637
21,-638
21,-639
21,-640
21,-641
21,-642
21,-643
21,-644
21,-645
21,-646
21,-647
21,-648
21,-649
21,-650
21,-651
21,-652
21,-653
21,-654
21,-655
21,-656
21,-657
21,-658
21,-659
21,-660
21,-661
21,-662
21,-663
21,-664
21,-665
21,-666
21,-667
21,-668
21,-669
21,-670
21,-671
21,-672
21,-673
21,-674
21,-675
21,-676
21,-677
21,-678
21,-679
21,-680
21,-681
21,-682
21,-683
21,-684
21,-685
21,-686
21,-687
21,-688
21,-689
21,-690
21,-691
21,-692
21,-693
21,-694
21,-695
21,-696
21,-697
21,-698
21,-699
21,-700
21,-701
21,-702
21,-703
21,-704
21,-705
21,-706
21,-707
21,-708
21,-709
21,-710
21,-711
21,-712
21,-713
21,-714
21,-715
21,-716
21,-717
21,-718
21,-719
21,-720
21,-721
21,-722
21,-723
21,-724
21,-725
21,-726
21,-727
21,-728
21,-729
21,-730
21,-731
21,-732
21,-733
21,-734
21,-735
21,-736
21,-737
21,-738
21,-739
21,-740
21,-741
21,-742
21,-743
21,-744
21,-745
21,-746
21,-747
21,-748
21,-749
21,-750
21,-751
21,-752
21,-753
21,-754
21,-755
21,-756
21,-757
21,-758
21,-759
21,-760
21,-761
21,-762
21,-763
21,-764
21,-765
21,-766
21,-767
21,-768
21,-769
21,-770
21,-771
21,-772
21,-773
21,-774
21,-775
21,-776
21,-777
21,-778
21,-779
21,-780
21,-781
21,-782
21,-783
21,-784
21,-785
21,-786
21,-787
21,-788
21,-789
21,-790
21,-791
21,-792
21,-793
21,-794
21,-795
21,-796
21,-797
21,-798
21,-799
21,-800
21,-801
21,-802
21,-803
21,-804
21,-805
21,-806
21,-807
21,-808
21,-809
21,-810
21,-811
21,-812
21,-813
21,-814
21,-815
21,-816
21,-817
21,-818
21,-819
21,-820
21,-821
21,-822
21,-823
21,-824
21,-825
21,-826
21,-827
21,-828
21,-829
21,-830
21,-831
21,-832
21,-833
21,-834
21,-835
21,-836
21,-837
21,-838
21,-839
21,-840
21,-841
21,-842
21,-843
21,-844
21,-845
21,-846
21,-847
21,-848
21,-849
21,-850
21,-851
21,-852
21,-853
21,-854
21,-855
21,-856
21,-857
21,-858
21,-859
21,-860
21,-861
21,-862
21,-863
21,-864
21,-865
21,-866
21,-867
21,-868
21,-869
21,-870
21,-871
21,-872
21,-873
21,-874
21,-875
21,-876
21,-877
21,-878
21,-879
21,-880
21,-881
21,-882
21,-883
21,-884
21,-885
21,-886
21,-887
21,-888
21,-889
21,-890
21,-891
21,-892
21,-893
21,-894
21,-895
21,-896
21,-897
21,-898
21,-899
21,-900
21,-901
21,-902
21,-903
21,-904
21,-905
21,-906
21,-907
21,-908
21,-909
21,-910
21,-911
21,-912
21,-913
21,-914
21,-915
21,-916
21,-917
21,-918
21,-919
21,-920
21,-921
21,-922
21,-923
21,-924
21,-925
21,-926
21,-927
21,-928
21,-929
21,-930
21,-931
21,-932
21,-933
21,-934
21,-935
21,-936
21,-937
21,-938
21,-939
21,-940
21,-941
21,-942
21,-943
21,-944
21,-945
21,-946
21,-947
21,-948
21,-949
21,-950
21,-951
21,-952
21,-953
21,-954
21,-955
21,-956
21,-957
21,-958
21,-959
21,-960
21,-961
21,-962
21,-963
21,-964
21,-965
21,-966
21,-967
21,-968
21,-969
21,-970
21,-971
21,-972
21,-973
21,-974
21,-975
21,-976
21,-977
21,-978
21,-979
21,-980
21,-981
21,-982
21,-983
21,-984
21,-985
21,-986
21,-987
21,-988
21,-989
21,-990
21,-991
21,-992
21,-993
21,-994
21,-995
21,-996
21,-997
21,-998
21,-999
22,41
22,42
22,43
22,44
22,45
22,46
22,47
22,48
22,49
22,50
22,51
22,52
22,53
22,54
22,55
22,56
22,57
22,58
22,59
22,60
22,61
22,62
22,63
22,64
22,65
22,66
22,67
22,68
22,69
22,70
22,71
22,72
22,73
22,74
22,75
22,76
22,77
22,78
22,79
22,80
22,81
22,82
22,83
22,84
22,85
22,86
22,87
22,88
22,89
22,90
22,91
22,92
22,93
22,94
22,95
22,96
22,97
22,98
22,99
22,100
22,101
22,102
22,103
22,104
22,105
22,106
22,107
22,108
22,109
22,110
22,111
22,112
22,113
22,114
22,115
22,116
22,117
22,118
22,119
22,120
22,121
22,122
22,123
22,124
22,125
22,126
22,127
22,128
22,129
22,130
22,131
22,132
22,133
22,134
22,135
22,136
22,137
22,138
22,139
22,140
22,141
22,142
22,143
22,144
22,145
22,146
22,147
22,148
22,149
22,150
22,151
22,152
22,153
22,154
22,155
22,156
22,157
22,158
22,159
22,160
22,161
22,162
22,163
22,164
22,165
22,166
22,167
22,168
22,169
22,170
22,171
22,172
22,173
22,174
22,175
22,176
22,177
22,178
22,179
22,180
22,181
22,182
22,183
22,184
22,185
22,186
22,187
22,188
22,189
22,190
22,191
22,192
22,193
22,194
22,195
22,196
22,197
22,198
22,199
22,200
22,201
22,202
22,203
22,204
22,205
22,206
22,207
22,208
22,209
22,210
22,211
22,212
22,213
22,214
22,215
22,216
22,217
22,218
22,219
22,220
22,221
22,222
22,223
22,224
22,225
22,226
22,227
22,228
22,229
22,230
22,231
22,232
22,233
22,234
22,235
22,236
22,237
22,238
22,239
22,240
22,241
22,242
22,243
22,244
22,245
22,246
22,247
22,248
22,249
22,250
22,251
22,252
22,253
22,254
22,255
22,256
22,257
22,258
22,259
22,260
22,261
22,262
22,263
22,264
22,265
22,266
22,267
22,268
22,269
22,270
22,271
22,272
22,273
22,274
22,275
22,276
22,277
22,278
22,279
22,280
22,281
22,282
22,283
22,284
22,285
22,286
22,287
22,288
22,289
22,290
22,291
22,292
22,293
22,294
22,295
22,296
22,297
22,298
22,299
22,300
22,301
22,302
22,303
22,304
22,305
22,306
22,307
22,308
22,309
22,310
22,311
22,312
22,313
22,314
22,315
22,316
22,317
22,318
22,319
22,320
22,321
22,322
22,323
22,324
22,325
22,326
22,327
22,328
22,329
22,330
22,331
22,332
22,333
22,334
22,335
22,336
22,337
22,338
22,339
22,340
22,341
22,342
22,343
22,344
22,345
22,346
22,347
22,348
22,349
22,350
22,351
22,352
22,353
22,354
22,355
22,356
22,357
22,358
22,359
22,360
22,361
22,362
22,363
22,364
22,365
22,366
22,367
22,368
22,369
22,370
22,371
22,372
22,373
22,374
22,375
22,376
22,377
22,378
22,379
22,380
22,381
22,382
22,383
22,384
22,385
22,386
22,387
22,388
22,389
22,390
22,391
22,392
22,393
22,394
22,395
22,396
22,397
22,398
22,399
22,400
22,401
22,402
22,403
22,404
22,405
22,406
22,407
22,408
22,409
22,410
22,411
22,412
22,413
22,414
22,415
22,416
22,417
22,418
22,419
22,420
22,421
22,422
22,423
22,424
22,425
22,426
22,427
22,428
22,429
22,430
22,431
22,432
22,433
22,434
22,435
22,436
22,437
22,438
22,439
22,440
22,441
22,442
22,443
22,444
22,445
22,446
22,447
22,448
22,449
22,450
22,451
22,452
22,453
22,454
22,455
22,456
22,457
22,458
22,459
22,460
22,461
22,462
22,463
22,464
22,465
22,466
22,467
22,468
22,469
22,470
22,471
22,472
22,473
22,474
22,475
22,476
22,477
22,478
22,479
22,480
22,481
22,482
22,483
22,484
22,485
22,486
22,487
22,488
22,489
22,490
22,491
22,492
22,493
22,494
22,495
22,496
22,497
22,498
22,499
22,500
22,501
22,502
22,503
22,504
22,505
22,506
22,507
22,508
22,509
22,510
22,511
22,512
22,513
22,514
22,515
22,516
22,517
22,518
22,519
22,520
22,521
22,522
22,523
22,524
22,525
22,526
22,527
22,528
22,529
22,530
22,531
22,532
22,533
22,534
22,535
22,536
22,537
22,538
22,539
22,540
22,541
22,542
22,543
22,544
22,545
22,546
22,547
22,548
22,549
22,550
22,551
22,552
22,553
22,554
22,555
22,556
22,557
22,558
22,559
22,560
22,561
22,562
22,563
22,564
22,565
22,566
22,567
22,568
22,569
22,570
22,571
22,572
22,573
22,574
22,575
22,576
22,577
22,578
22,579
22,580
22,581
22,582
22,583
22,584
22,585
22,586
22,587
22,588
22,589
22,590
22,591
22,592
22,593
22,594
22,595
22,596
22,597
22,598
22,599
22,600
22,601
22,602
22,603
22,604
22,605
22,606
22,607
22,608
22,609
22,610
22,611
22,612
22,613
22,614
22,615
22,616
22,617
22,618
22,619
22,620
22,621
22,622
22,623
22,624
22,625
22,626
22,627
22,628
22,629
22,630
22,631
22,632
22,633
22,634
22,635
22,636
22,637
22,638
22,639
22,640
22,641
22,642
22,643
22,644
22,645
22,646
22,647
22,648
22,649
22,650
22,651
22,652
22,653
22,654
22,655
22,656
22,657
22,658
22,659
22,660
22,661
22,662
22,663
22,664
22,665
22,666
22,667
22,668
22,669
22,670
22,671
22,672
22,673
22,674
22,675
22,676
22,677
22,678
22,679
22,680
22,681
22,682
22,683
22,684
22,685
22,686
22,687
22,688
22,689
22,690
22,691
22,692
22,693
22,694
22,695
22,696
22,697
22,698
22,699
22,700
22,701
22,702
22,703
22,704
22,705
22,706
22,707
22,708
22,709
22,710
22,711
22,712
22,713
22,714
22,715
22,716
22,717
22,718
22,719
22,720
22,721
22,722
22,723
22,724
22,725
22,726
22,727
22,728
22,729
22,730
22,731
22,732
22,733
22,734
22,735
22,736
22,737
22,738
22,739
22,740
22,741
22,742
22,743
22,744
22,745
22,746
22,747
22,748
22,749
22,750
22,751
22,752
22,753
22,754
22,755
22,756
22,757
22,758
22,759
22,760
22,761
22,762
22,763
22,764
22,765
22,766
22,767
22,768
22,769
22,770
22,771
22,772
22,773
22,774
22,775
22,776
22,777
22,778
22,779
22,780
22,781
22,782
22,783
22,784
22,785
22,786
22,787
22,788
22,789
22,790
22,791
22,792
22,793
22,794
22,795
22,796
22,797
22,798
22,799
22,800
22,801
22,802
22,803
22,804
22,805
22,806
22,807
22,808
22,809
22,810
22,811
22,812
22,813
22,814
22,815
22,816
22,817
22,818
22,819
22,820
22,821
22,822
22,823
22,824
22,825
22,826
22,827
22,828
22,829
22,830
22,831
22,832
22,833
22,834
22,835
22,836
22,837
22,838
22,839
22,840
22,841
22,842
22,843
22,844
22,845
22,846
22,847
22,848
22,849
22,850
22,851
22,852
22,853
22,854
22,855
22,856
22,857
22,858
22,859
22,860
22,861
22,862
22,863
22,864
22,865
22,866
22,867
22,868
22,869
22,870
22,871
22,872
22,873
22,874
22,875
22,876
22,877
22,878
22,879
22,880
22,881
22,882
22,883
22,884
22,885
22,886
22,887
22,888
22,889
22,890
22,891
22,892
22,893
22,894
22,895
22,896
22,897
22,898
22,899
22,900
22,901
22,902
22,903
22,904
22,905
22,906
22,907
22,908
22,909
22,910
22,911
22,912
22,913
22,914
22,915
22,916
22,917
22,918
22,919
22,920
22,921
22,922
22,923
22,924
22,925
22,926
22,927
22,928
22,929
22,930
22,931
22,932
22,933
22,934
22,935
22,936
22,937
22,938
22,939
22,940
22,941
22,942
22,943
22,944
22,945
22,946
22,947
22,948
22,949
22,950
22,951
22,952
22,953
22,954
22,955
22,956
22,957
22,958
22,959
22,960
22,961
22,962
22,963
22,964
22,965
22,966
22,967
22,968
22,969
22,970
22,971
22,972
22,973
22,974
22,975
22,976
22,977
22,978
22,979
22,980
22,981
22,982
22,983
22,984
22,985
22,986
22,987
22,988
22,989
22,990
22,991
22,992
22,993
22,994
22,995
22,996
22,997
22,998
22,999
22,-41
22,-42
22,-43
22,-44
22,-45
22,-46
22,-47
22,-48
22,-49
22,-50
22,-51
22,-52
22,-53
22,-54
22,-55
22,-56
22,-57
22,-58
22,-59
22,-60
22,-61
22,-62
22,-63
22,-64
22,-65
22,-66
22,-67
22,-68
22,-69
22,-70
22,-71
22,-72
22,-73
22,-74
22,-75
22,-76
22,-77
22,-78
22,-79
22,-80
22,-81
22,-82
22,-83
22,-84
22,-85
22,-86
22,-87
22,-88
22,-89
22,-90
22,-91
22,-92
22,-93
22,-94
22,-95
22,-96
22,-97
22,-98
22,-99
22,-100
22,-101
22,-102
22,-103
22,-104
22,-105
22,-106
22,-107
22,-108
22,-109
22,-110
22,-111
22,-112
22,-113
22,-114
22,-115
22,-116
22,-117
22,-118
22,-119
22,-120
22,-121
22,-122
22,-123
22,-124
22,-125
22,-126
22,-127
22,-128
22,-129
22,-130
22,-131
22,-132
22,-133
22,-134
22,-135
22,-136
22,-137
22,-138
22,-139
22,-140
22,-141
22,-142
22,-143
22,-144
22,-145
22,-146
22,-147
22,-148
22,-149
22,-150
22,-151
22,-152
22,-153
22,-154
22,-155
22,-156
22,-157
22,-158
22,-159
22,-160
22,-161
22,-162
22,-163
22,-164
22,-165
22,-166
22,-167
22,-168
22,-169
22,-170
22,-171
22,-172
22,-173
22,-174
22,-175
22,-176
22,-177
22,-178
22,-179
22,-180
22,-181
22,-182
22,-183
22,-184
22,-185
22,-186
22,-187
22,-188
22,-189
22,-190
22,-191
22,-192
22,-193
22,-194
22,-195
22,-196
22,-197
22,-198
22,-199
22,-200
22,-201
22,-202
22,-203
22,-204
22,-205
22,-206
22,-207
22,-208
22,-209
22,-210
22,-211
22,-212
22,-213
22,-214
22,-215
22,-216
22,-217
22,-218
22,-219
22,-220
22,-221
22,-222
22,-223
22,-224
22,-225
22,-226
22,-227
22,-228
22,-229
22,-230
22,-231
22,-232
22,-233
22,-234
22,-235
22,-236
22,-237
22,-238
22,-239
22,-240
22,-241
22,-242
22,-243
22,-244
22,-245
22,-246
22,-247
22,-248
22,-249
22,-250
22,-251
22,-252
22,-253
22,-254
22,-255
22,-256
22,-257
22,-258
22,-259
22,-260
22,-261
22,-262
22,-263
22,-264
22,-265
22,-266
22,-267
22,-268
22,-269
22,-270
22,-271
22,-272
22,-273
22,-274
22,-275
22,-276
22,-277
22,-278
22,-279
22,-280
22,-281
22,-282
22,-283
22,-284
22,-285
22,-286
22,-287
22,-288
22,-289
22,-290
22,-291
22,-292
22,-293
22,-294
22,-295
22,-296
22,-297
22,-298
22,-299
22,-300
22,-301
22,-302
22,-303
22,-304
22,-305
22,-306
22,-307
22,-308
22,-309
22,-310
22,-311
22,-312
22,-313
22,-314
22,-315
22,-316
22,-317
22,-318
22,-319
22,-320
22,-321
22,-322
22,-323
22,-324
22,-325
22,-326
22,-327
22,-328
22,-329
22,-330
22,-331
22,-332
22,-333
22,-334
22,-335
22,-336
22,-337
22,-338
22,-339
22,-340
22,-341
22,-342
22,-343
22,-344
22,-345
22,-346
22,-347
22,-348
22,-349
22,-350
22,-351
22,-352
22,-353
22,-354
22,-355
22,-356
22,-357
22,-358
22,-359
22,-360
22,-361
22,-362
22,-363
22,-364
22,-365
22,-366
22,-367
22,-368
22,-369
22,-370
22,-371
22,-372
22,-373
22,-374
22,-375
22,-376
22,-377
22,-378
22,-379
22,-380
22,-381
22,-382
22,-383
22,-384
22,-385
22,-386
22,-387
22,-388
22,-389
22,-390
22,-391
22,-392
22,-393
22,-394
22,-395
22,-396
22,-397
22,-398
22,-399
22,-400
22,-401
22,-402
22,-403
22,-404
22,-405
22,-406
22,-407
22,-408
22,-409
22,-410
22,-411
22,-412
22,-413
22,-414
22,-415
22,-416
22,-417
22,-418
22,-419
22,-420
22,-421
22,-422
22,-423
22,-424
22,-425
22,-426
22,-427
22,-428
22,-429
22,-430
22,-431
22,-432
22,-433
22,-434
22,-435
22,-436
22,-437
22,-438
22,-439
22,-440
22,-441
22,-442
22,-443
22,-444
22,-445
22,-446
22,-447
22,-448
22,-449
22,-450
22,-451
22,-452
22,-453
22,-454
22,-455
22,-456
22,-457
22,-458
22,-459
22,-460
22,-461
22,-462
22,-463
22,-464
22,-465
22,-466
22,-467
22,-468
22,-469
22,-470
22,-471
22,-472
22,-473
22,-474
22,-475
22,-476
22,-477
22,-478
22,-479
22,-480
22,-481
22,-482
22,-483
22,-484
22,-485
22,-486
22,-487
22,-488
22,-489
22,-490
22,-491
22,-492
22,-493
22,-494
22,-495
22,-496
22,-497
22,-498
22,-499
22,-500
22,-501
22,-502
22,-503
22,-504
22,-505
22,-506
22,-507
22,-508
22,-509
22,-510
22,-511
22,-512
22,-513
22,-514
22,-515
22,-516
22,-517
22,-518
22,-519
22,-520
22,-521
22,-522
22,-523
22,-524
22,-525
22,-526
22,-527
22,-528
22,-529
22,-530
22,-531
22,-532
22,-533
22,-534
22,-535
22,-536
22,-537
22,-538
22,-539
22,-540
22,-541
22,-542
22,-543
22,-544
22,-545
22,-546
22,-547
22,-548
22,-549
22,-550
22,-551
22,-552
22,-553
22,-554
22,-555
22,-556
22,-557
22,-558
22,-559
22,-560
22,-561
22,-562
22,-563
22,-564
22,-565
22,-566
22,-567
22,-568
22,-569
22,-570
22,-571
22,-572
22,-573
22,-574
22,-575
22,-576
22,-577
22,-578
22,-579
22,-580
22,-581
22,-582
22,-583
22,-584
22,-585
22,-586
22,-587
22,-588
22,-589
22,-590
22,-591
22,-592
22,-593
22,-594
22,-595
22,-596
22,-597
22,-598
22,-599
22,-600
22,-601
22,-602
22,-603
22,-604
22,-605
22,-606
22,-607
22,-608
22,-609
22,-610
22,-611
22,-612
22,-613
22,-614
22,-615
22,-616
22,-617
22,-618
22,-619
22,-620
22,-621
22,-622
22,-623
22,-624
22,-625
22,-626
22,-627
22,-628
22,-629
22,-630
22,-631
22,-632
22,-633
22,-634
22,-635
22,-636
22,-637
22,-638
22,-639
22,-640
22,-641
22,-642
22,-643
22,-644
22,-645
22,-646
22,-647
22,-648
22,-649
22,-650
22,-651
22,-652
22,-653
22,-654
22,-655
22,-656
22,-657
22,-658
22,-659
22,-660
22,-661
22,-662
22,-663
22,-664
22,-665
22,-666
22,-667
22,-668
22,-669
22,-670
22,-671
22,-672
22,-673
22,-674
22,-675
22,-676
22,-677
22,-678
22,-679
22,-680
22,-681
22,-682
22,-683
22,-684
22,-685
22,-686
22,-687
22,-688
22,-689
22,-690
22,-691
22,-692
22,-693
22,-694
22,-695
22,-696
22,-697
22,-698
22,-699
22,-700
22,-701
22,-702
22,-703
22,-704
22,-705
22,-706
22,-707
22,-708
22,-709
22,-710
22,-711
22,-712
22,-713
22,-714
22,-715
22,-716
22,-717
22,-718
22,-719
22,-720
22,-721
22,-722
22,-723
22,-724
22,-725
22,-726
22,-727
22,-728
22,-729
22,-730
22,-731
22,-732
22,-733
22,-734
22,-735
22,-736
22,-737
22,-738
22,-739
22,-740
22,-741
22,-742
22,-743
22,-744
22,-745
22,-746
22,-747
22,-748
22,-749
22,-750
22,-751
22,-752
22,-753
22,-754
22,-755
22,-756
22,-757
22,-758
22,-759
22,-760
22,-761
22,-762
22,-763
22,-764
22,-765
22,-766
22,-767
22,-768
22,-769
22,-770
22,-771
22,-772
22,-773
22,-774
22,-775
22,-776
22,-777
22,-778
22,-779
22,-780
22,-781
22,-782
22,-783
22,-784
22,-785
22,-786
22,-787
22,-788
22,-789
22,-790
22,-791
22,-792
22,-793
22,-794
22,-795
22,-796
22,-797
22,-798
22,-799
22,-800
22,-801
22,-802
22,-803
22,-804
22,-805
22,-806
22,-807
22,-808
22,-809
22,-810
22,-811
22,-812
22,-813
22,-814
22,-815
22,-816
22,-817
22,-818
22,-819
22,-820
22,-821
22,-822
22,-823
22,-824
22,-825
22,-826
22,-827
22,-828
22,-829
22,-830
22,-831
22,-832
22,-833
22,-834
22,-835
22,-836
22,-837
22,-838
22,-839
22,-840
22,-841
22,-842
22,-843
22,-844
22,-845
22,-846
22,-847
22,-848
22,-849
22,-850
22,-851
22,-852
22,-853
22,-854
22,-855
22,-856
22,-857
22,-858
22,-859
22,-860
22,-861
22,-862
22,-863
22,-864
22,-865
22,-866
22,-867
22,-868
22,-869
22,-870
22,-871
22,-872
22,-873
22,-874
22,-875
22,-876
22,-877
22,-878
22,-879
22,-880
22,-881
22,-882
22,-883
22,-884
22,-885
22,-886
22,-887
22,-888
22,-889
22,-890
22,-891
22,-892
22,-893
22,-894
22,-895
22,-896
22,-897
22,-898
22,-899
22,-900
22,-901
22,-902
22,-903
22,-904
22,-905
22,-906
22,-907
22,-908
22,-909
22,-910
22,-911
22,-912
22,-913
22,-914
22,-915
22,-916
22,-917
22,-918
22,-919
22,-920
22,-921
22,-922
22,-923
22,-924
22,-925
22,-926
22,-927
22,-928
22,-929
22,-930
22,-931
22,-932
22,-933
22,-934
22,-935
22,-936
22,-937
22,-938
22,-939
22,-940
22,-941
22,-942
22,-943
22,-944
22,-945
22,-946
22,-947
22,-948
22,-949
22,-950
22,-951
22,-952
22,-953
22,-954
22,-955
22,-956
22,-957
22,-958
22,-959
22,-960
22,-961
22,-962
22,-963
22,-964
22,-965
22,-966
22,-967
22,-968
22,-969
22,-970
22,-971
22,-972
22,-973
22,-974
22,-975
22,-976
22,-977
22,-978
22,-979
22,-980
22,-981
22,-982
22,-983
22,-984
22,-985
22,-986
22,-987
22,-988
22,-989
22,-990
22,-991
22,-992
22,-993
22,-994
22,-995
22,-996
22,-997
22,-998
22,-999
23,41
23,42
23,43
23,44
23,45
23,46
23,47
23,48
23,49
23,50
23,51
23,52
23,53
23,54
23,55
23,56
23,57
23,58
23,59
23,60
23,61
23,62
23,63
23,64
23,65
23,66
23,67
23,68
23,69
23,70
23,71
23,72
23,73
23,74
23,75
23,76
23,77
23,78
23,79
23,80
23,81
23,82
23,83
23,84
23,85
23,86
23,87
23,88
23,89
23,90
23,91
23,92
23,93
23,94
23,95
23,96
23,97
23,98
23,99
23,100
23,101
23,102
23,103
23,104
23,105
23,106
23,107
23,108
23,109
23,110
23,111
23,112
23,113
23,114
23,115
23,116
23,117
23,118
23,119
23,120
23,121
23,122
23,123
23,124
23,125
23,126
23,127
23,128
23,129
23,130
23,131
23,132
23,133
23,134
23,135
23,136
23,137
23,138
23,139
23,140
23,141
23,142
23,143
23,144
23,145
23,146
23,147
23,148
23,149
23,150
23,151
23,152
23,153
23,154
23,155
23,156
23,157
23,158
23,159
23,160
23,161
23,162
23,163
23,164
23,165
23,166
23,167
23,168
23,169
23,170
23,171
23,172
23,173
23,174
23,175
23,176
23,177
23,178
23,179
23,180
23,181
23,182
23,183
23,184
23,185
23,186
23,187
23,188
23,189
23,190
23,191
23,192
23,193
23,194
23,195
23,196
23,197
23,198
23,199
23,200
23,201
23,202
23,203
23,204
23,205
23,206
23,207
23,208
23,209
23,210
23,211
23,212
23,213
23,214
23,215
23,216
23,217
23,218
23,219
23,220
23,221
23,222
23,223
23,224
23,225
23,226
23,227
23,228
23,229
23,230
23,231
23,232
23,233
23,234
23,235
23,236
23,237
23,238
23,239
23,240
23,241
23,242
23,243
23,244
23,245
23,246
23,247
23,248
23,249
23,250
23,251
23,252
23,253
23,254
23,255
23,256
23,257
23,258
23,259
23,260
23,261
23,262
23,263
23,264
23,265
23,266
23,267
23,268
23,269
23,270
23,271
23,272
23,273
23,274
23,275
23,276
23,277
23,278
23,279
23,280
23,281
23,282
23,283
23,284
23,285
23,286
23,287
23,288
23,289
23,290
23,291
23,292
23,293
23,294
23,295
23,296
23,297
23,298
23,299
23,300
23,301
23,302
23,303
23,304
23,305
23,306
23,307
23,308
23,309
23,310
23,311
23,312
23,313
23,314
23,315
23,316
23,317
23,318
23,319
23,320
23,321
23,322
23,323
23,324
23,325
23,326
23,327
23,328
23,329
23,330
23,331
23,332
23,333
23,334
23,335
23,336
23,337
23,338
23,339
23,340
23,341
23,342
23,343
23,344
23,345
23,346
23,347
23,348
23,349
23,350
23,351
23,352
23,353
23,354
23,355
23,356
23,357
23,358
23,359
23,360
23,361
23,362
23,363
23,364
23,365
23,366
23,367
23,368
23,369
23,370
23,371
23,372
23,373
23,374
23,375
23,376
23,377
23,378
23,379
23,380
23,381
23,382
23,383
23,384
23,385
23,386
23,387
23,388
23,389
23,390
23,391
23,392
23,393
23,394
23,395
23,396
23,397
23,398
23,399
23,400
23,401
23,402
23,403
23,404
23,405
23,406
23,407
23,408
23,409
23,410
23,411
23,412
23,413
23,414
23,415
23,416
23,417
23,418
23,419
23,420
23,421
23,422
23,423
23,424
23,425
23,426
23,427
23,428
23,429
23,430
23,431
23,432
23,433
23,434
23,435
23,436
23,437
23,438
23,439
23,440
23,441
23,442
23,443
23,444
23,445
23,446
23,447
23,448
23,449
23,450
23,451
23,452
23,453
23,454
23,455
23,456
23,457
23,458
23,459
23,460
23,461
23,462
23,463
23,464
23,465
23,466
23,467
23,468
23,469
23,470
23,471
23,472
23,473
23,474
23,475
23,476
23,477
23,478
23,479
23,480
23,481
23,482
23,483
23,484
23,485
23,486
23,487
23,488
23,489
23,490
23,491
23,492
23,493
23,494
23,495
23,496
23,497
23,498
23,499
23,500
23,501
23,502
23,503
23,504
23,505
23,506
23,507
23,508
23,509
23,510
23,511
23,512
23,513
23,514
23,515
23,516
23,517
23,518
23,519
23,520
23,521
23,522
23,523
23,524
23,525
23,526
23,527
23,528
23,529
23,530
23,531
23,532
23,533
23,534
23,535
23,536
23,537
23,538
23,539
23,540
23,541
23,542
23,543
23,544
23,545
23,546
23,547
23,548
23,549
23,550
23,551
23,552
23,553
23,554
23,555
23,556
23,557
23,558
23,559
23,560
23,561
23,562
23,563
23,564
23,565
23,566
23,567
23,568
23,569
23,570
23,571
23,572
23,573
23,574
23,575
23,576
23,577
23,578
23,579
23,580
23,581
23,582
23,583
23,584
23,585
23,586
23,587
23,588
23,589
23,590
23,591
23,592
23,593
23,594
23,595
23,596
23,597
23,598
23,599
23,600
23,601
23,602
23,603
23,604
23,605
23,606
23,607
23,608
23,609
23,610
23,611
23,612
23,613
23,614
23,615
23,616
23,617
23,618
23,619
23,620
23,621
23,622
23,623
23,624
23,625
23,626
23,627
23,628
23,629
23,630
23,631
23,632
23,633
23,634
23,635
23,636
23,637
23,638
23,639
23,640
23,641
23,642
23,643
23,644
23,645
23,646
23,647
23,648
23,649
23,650
23,651
23,652
23,653
23,654
23,655
23,656
23,657
23,658
23,659
23,660
23,661
23,662
23,663
23,664
23,665
23,666
23,667
23,668
23,669
23,670
23,671
23,672
23,673
23,674
23,675
23,676
23,677
23,678
23,679
23,680
23,681
23,682
23,683
23,684
23,685
23,686
23,687
23,688
23,689
23,690
23,691
23,692
23,693
23,694
23,695
23,696
23,697
23,698
23,699
23,700
23,701
23,702
23,703
23,704
23,705
23,706
23,707
23,708
23,709
23,710
23,711
23,712
23,713
23,714
23,715
23,716
23,717
23,718
23,719
23,720
23,721
23,722
23,723
23,724
23,725
23,726
23,727
23,728
23,729
23,730
23,731
23,732
23,733
23,734
23,735
23,736
23,737
23,738
23,739
23,740
23,741
23,742
23,743
23,744
23,745
23,746
23,747
23,748
23,749
23,750
23,751
23,752
23,753
23,754
23,755
23,756
23,757
23,758
23,759
23,760
23,761
23,762
23,763
23,764
23,765
23,766
23,767
23,768
23,769
23,770
23,771
23,772
23,773
23,774
23,775
23,776
23,777
23,778
23,779
23,780
23,781
23,782
23,783
23,784
23,785
23,786
23,787
23,788
23,789
23,790
23,791
23,792
23,793
23,794
23,795
23,796
23,797
23,798
23,799
23,800
23,801
23,802
23,803
23,804
23,805
23,806
23,807
23,808
23,809
23,810
23,811
23,812
23,813
23,814
23,815
23,816
23,817
23,818
23,819
23,820
23,821
23,822
23,823
23,824
23,825
23,826
23,827
23,828
23,829
23,830
23,831
23,832
23,833
23,834
23,835
23,836
23,837
23,838
23,839
23,840
23,841
23,842
23,843
23,844
23,845
23,846
23,847
23,848
23,849
23,850
23,851
23,852
23,853
23,854
23,855
23,856
23,857
23,858
23,859
23,860
23,861
23,862
23,863
23,864
23,865
23,866
23,867
23,868
23,869
23,870
23,871
23,872
23,873
23,874
23,875
23,876
23,877
23,878
23,879
23,880
23,881
23,882
23,883
23,884
23,885
23,886
23,887
23,888
23,889
23,890
23,891
23,892
23,893
23,894
23,895
23,896
23,897
23,898
23,899
23,900
23,901
23,902
23,903
23,904
23,905
23,906
23,907
23,908
23,909
23,910
23,911
23,912
23,913
23,914
23,915
23,916
23,917
23,918
23,919
23,920
23,921
23,922
23,923
23,924
23,925
23,926
23,927
23,928
23,929
23,930
23,931
23,932
23,933
23,934
23,935
23,936
23,937
23,938
23,939
23,940
23,941
23,942
23,943
23,944
23,945
23,946
23,947
23,948
23,949
23,950
23,951
23,952
23,953
23,954
23,955
23,956
23,957
23,958
23,959
23,960
23,961
23,962
23,963
23,964
23,965
23,966
23,967
23,968
23,969
23,970
23,971
23,972
23,973
23,974
23,975
23,976
23,977
23,978
23,979
23,980
23,981
23,982
23,983
23,984
23,985
23,986
23,987
23,988
23,989
23,990
23,991
23,992
23,993
23,994
23,995
23,996
23,997
23,998
23,999
23,-41
23,-42
23,-43
23,-44
23,-45
23,-46
23,-47
23,-48
23,-49
23,-50
23,-51
23,-52
23,-53
23,-54
23,-55
23,-56
23,-57
23,-58
23,-59
23,-60
23,-61
23,-62
23,-63
23,-64
23,-65
23,-66
23,-67
23,-68
23,-69
23,-70
23,-71
23,-72
23,-73
23,-74
23,-75
23,-76
23,-77
23,-78
23,-79
23,-80
23,-81
23,-82
23,-83
23,-84
23,-85
23,-86
23,-87
23,-88
23,-89
23,-90
23,-91
23,-92
23,-93
23,-94
23,-95
23,-96
23,-97
23,-98
23,-99
23,-100
23,-101
23,-102
23,-103
23,-104
23,-105
23,-106
23,-107
23,-108
23,-109
23,-110
23,-111
23,-112
23,-113
23,-114
23,-115
23,-116
23,-117
23,-118
23,-119
23,-120
23,-121
23,-122
23,-123
23,-124
23,-125
23,-126
23,-127
23,-128
23,-129
23,-130
23,-131
23,-132
23,-133
23,-134
23,-135
23,-136
23,-137
23,-138
23,-139
23,-140
23,-141
23,-142
23,-143
23,-144
23,-145
23,-146
23,-147
23,-148
23,-149
23,-150
23,-151
23,-152
23,-153
23,-154
23,-155
23,-156
23,-157
23,-158
23,-159
23,-160
23,-161
23,-162
23,-163
23,-164
23,-165
23,-166
23,-167
23,-168
23,-169
23,-170
23,-171
23,-172
23,-173
23,-174
23,-175
23,-176
23,-177
23,-178
23,-179
23,-180
23,-181
23,-182
23,-183
23,-184
23,-185
23,-186
23,-187
23,-188
23,-189
23,-190
23,-191
23,-192
23,-193
23,-194
23,-195
23,-196
23,-197
23,-198
23,-199
23,-200
23,-201
23,-202
23,-203
23,-204
23,-205
23,-206
23,-207
23,-208
23,-209
23,-210
23,-211
23,-212
23,-213
23,-214
23,-215
23,-216
23,-217
23,-218
23,-219
23,-220
23,-221
23,-222
23,-223
23,-224
23,-225
23,-226
23,-227
23,-228
23,-229
23,-230
23,-231
23,-232
23,-233
23,-234
23,-235
23,-236
23,-237
23,-238
23,-239
23,-240
23,-241
23,-242
23,-243
23,-244
23,-245
23,-246
23,-247
23,-248
23,-249
23,-250
23,-251
23,-252
23,-253
23,-254
23,-255
23,-256
23,-257
23,-258
23,-259
23,-260
23,-261
23,-262
23,-263
23,-264
23,-265
23,-266
23,-267
23,-268
23,-269
23,-270
23,-271
23,-272
23,-273
23,-274
23,-275
23,-276
23,-277
23,-278
23,-279
23,-280
23,-281
23,-282
23,-283
23,-284
23,-285
23,-286
23,-287
23,-288
23,-289
23,-290
23,-291
23,-292
23,-293
23,-294
23,-295
23,-296
23,-297
23,-298
23,-299
23,-300
23,-301
23,-302
23,-303
23,-304
23,-305
23,-306
23,-307
23,-308
23,-309
23,-310
23,-311
23,-312
23,-313
23,-314
23,-315
23,-316
23,-317
23,-318
23,-319
23,-320
23,-321
23,-322
23,-323
23,-324
23,-325
23,-326
23,-327
23,-328
23,-329
23,-330
23,-331
23,-332
23,-333
23,-334
23,-335
23,-336
23,-337
23,-338
23,-339
23,-340
23,-341
23,-342
23,-343
23,-344
23,-345
23,-346
23,-347
23,-348
23,-349
23,-350
23,-351
23,-352
23,-353
23,-354
23,-355
23,-356
23,-357
23,-358
23,-359
23,-360
23,-361
23,-362
23,-363
23,-364
23,-365
23,-366
23,-367
23,-368
23,-369
23,-370
23,-371
23,-372
23,-373
23,-374
23,-375
23,-376
23,-377
23,-378
23,-379
23,-380
23,-381
23,-382
23,-383
23,-384
23,-385
23,-386
23,-387
23,-388
23,-389
23,-390
23,-391
23,-392
23,-393
23,-394
23,-395
23,-396
23,-397
23,-398
23,-399
23,-400
23,-401
23,-402
23,-403
23,-404
23,-405
23,-406
23,-407
23,-408
23,-409
23,-410
23,-411
23,-412
23,-413
23,-414
23,-415
23,-416
23,-417
23,-418
23,-419
23,-420
23,-421
23,-422
23,-423
23,-424
23,-425
23,-426
23,-427
23,-428
23,-429
23,-430
23,-431
23,-432
23,-433
23,-434
23,-435
23,-436
23,-437
23,-438
23,-439
23,-440
23,-441
23,-442
23,-443
23,-444
23,-445
23,-446
23,-447
23,-448
23,-449
23,-450
23,-451
23,-452
23,-453
23,-454
23,-455
23,-456
23,-457
23,-458
23,-459
23,-460
23,-461
23,-462
23,-463
23,-464
23,-465
23,-466
23,-467
23,-468
23,-469
23,-470
23,-471
23,-472
23,-473
23,-474
23,-475
23,-476
23,-477
23,-478
23,-479
23,-480
23,-481
23,-482
23,-483
23,-484
23,-485
23,-486
23,-487
23,-488
23,-489
23,-490
23,-491
23,-492
23,-493
23,-494
23,-495
23,-496
23,-497
23,-498
23,-499
23,-500
23,-501
23,-502
23,-503
23,-504
23,-505
23,-506
23,-507
23,-508
23,-509
23,-510
23,-511
23,-512
23,-513
23,-514
23,-515
23,-516
23,-517
23,-518
23,-519
23,-520
23,-521
23,-522
23,-523
23,-524
23,-525
23,-526
23,-527
23,-528
23,-529
23,-530
23,-531
23,-532
23,-533
23,-534
23,-535
23,-536
23,-537
23,-538
23,-539
23,-540
23,-541
23,-542
23,-543
23,-544
23,-545
23,-546
23,-547
23,-548
23,-549
23,-550
23,-551
23,-552
23,-553
23,-554
23,-555
23,-556
23,-557
23,-558
23,-559
23,-560
23,-561
23,-562
23,-563
23,-564
23,-565
23,-566
23,-567
23,-568
23,-569
23,-570
23,-571
23,-572
23,-573
23,-574
23,-575
23,-576
23,-577
23,-578
23,-579
23,-580
23,-581
23,-582
23,-583
23,-584
23,-585
23,-586
23,-587
23,-588
23,-589
23,-590
23,-591
23,-592
23,-593
23,-594
23,-595
23,-596
23,-597
23,-598
23,-599
23,-600
23,-601
23,-602
23,-603
23,-604
23,-605
23,-606
23,-607
23,-608
23,-609
23,-610
23,-611
23,-612
23,-613
23,-614
23,-615
23,-616
23,-617
23,-618
23,-619
23,-620
23,-621
23,-622
23,-623
23,-624
23,-625
23,-626
23,-627
23,-628
23,-629
23,-630
23,-631
23,-632
23,-633
23,-634
23,-635
23,-636
23,-637
23,-638
23,-639
23,-640
23,-641
23,-642
23,-643
23,-644
23,-645
23,-646
23,-647
23,-648
23,-649
23,-650
23,-651
23,-652
23,-653
23,-654
23,-655
23,-656
23,-657
23,-658
23,-659
23,-660
23,-661
23,-662
23,-663
23,-664
23,-665
23,-666
23,-667
23,-668
23,-669
23,-670
23,-671
23,-672
23,-673
23,-674
23,-675
23,-676
23,-677
23,-678
23,-679
23,-680
23,-681
23,-682
23,-683
23,-684
23,-685
23,-686
23,-687
23,-688
23,-689
23,-690
23,-691
23,-692
23,-693
23,-694
23,-695
23,-696
23,-697
23,-698
23,-699
23,-700
23,-701
23,-702
23,-703
23,-704
23,-705
23,-706
23,-707
23,-708
23,-709
23,-710
23,-711
23,-712
23,-713
23,-714
23,-715
23,-716
23,-717
23,-718
23,-719
23,-720
23,-721
23,-722
23,-723
23,-724
23,-725
23,-726
23,-727
23,-728
23,-729
23,-730
23,-731
23,-732
23,-733
23,-734
23,-735
23,-736
23,-737
23,-738
23,-739
23,-740
23,-741
23,-742
23,-743
23,-744
23,-745
23,-746
23,-747
23,-748
23,-749
23,-750
23,-751
23,-752
23,-753
23,-754
23,-755
23,-756
23,-757
23,-758
23,-759
23,-760
23,-761
23,-762
23,-763
23,-764
23,-765
23,-766
23,-767
23,-768
23,-769
23,-770
23,-771
23,-772
23,-773
23,-774
23,-775
23,-776
23,-777
23,-778
23,-779
23,-780
23,-781
23,-782
23,-783
23,-784
23,-785
23,-786
23,-787
23,-788
23,-789
23,-790
23,-791
23,-792
23,-793
23,-794
23,-795
23,-796
23,-797
23,-798
23,-799
23,-800
23,-801
23,-802
23,-803
23,-804
23,-805
23,-806
23,-807
23,-808
23,-809
23,-810
23,-811
23,-812
23,-813
23,-814
23,-815
23,-816
23,-817
23,-818
23,-819
23,-820
23,-821
23,-822
23,-823
23,-824
23,-825
23,-826
23,-827
23,-828
23,-829
23,-830
23,-831
23,-832
23,-833
23,-834
23,-835
23,-836
23,-837
23,-838
23,-839
23,-840
23,-841
23,-842
23,-843
23,-844
23,-845
23,-846
23,-847
23,-848
23,-849
23,-850
23,-851
23,-852
23,-853
23,-854
23,-855
23,-856
23,-857
23,-858
23,-859
23,-860
23,-861
23,-862
23,-863
23,-864
23,-865
23,-866
23,-867
23,-868
23,-869
23,-870
23,-871
23,-872
23,-873
23,-874
23,-875
23,-876
23,-877
23,-878
23,-879
23,-880
23,-881
23,-882
23,-883
23,-884
23,-885
23,-886
23,-887
23,-888
23,-889
23,-890
23,-891
23,-892
23,-893
23,-894
23,-895
23,-896
23,-897
23,-898
23,-899
23,-900
23,-901
23,-902
23,-903
23,-904
23,-905
23,-906
23,-907
23,-908
23,-909
23,-910
23,-911
23,-912
23,-913
23,-914
23,-915
23,-916
23,-917
23,-918
23,-919
23,-920
23,-921
23,-922
23,-923
23,-924
23,-925
23,-926
23,-927
23,-928
23,-929
23,-930
23,-931
23,-932
23,-933
23,-934
23,-935
23,-936
23,-937
23,-938
23,-939
23,-940
23,-941
23,-942
23,-943
23,-944
23,-945
23,-946
23,-947
23,-948
23,-949
23,-950
23,-951
23,-952
23,-953
23,-954
23,-955
23,-956
23,-957
23,-958
23,-959
23,-960
23,-961
23,-962
23,-963
23,-964
23,-965
23,-966
23,-967
23,-968
23,-969
23,-970
23,-971
23,-972
23,-973
23,-974
23,-975
23,-976
23,-977
23,-978
23,-979
23,-980
23,-981
23,-982
23,-983
23,-984
23,-985
23,-986
23,-987
23,-988
23,-989
23,-990
23,-991
23,-992
23,-993
23,-994
23,-995
23,-996
23,-997
23,-998
23,-999
24,41
24,42
24,43
24,44
24,45
24,46
24,47
24,48
24,49
24,50
24,51
24,52
24,53
24,54
24,55
24,56
24,57
24,58
24,59
24,60
24,61
24,62
24,63
24,64
24,65
24,66
24,67
24,68
24,69
24,70
24,71
24,72
24,73
24,74
24,75
24,76
24,77
24,78
24,79
24,80
24,81
24,82
24,83
24,84
24,85
24,86
24,87
24,88
24,89
24,90
24,91
24,92
24,93
24,94
24,95
24,96
24,97
24,98
24,99
24,100
24,101
24,102
24,103
24,104
24,105
24,106
24,107
24,108
24,109
24,110
24,111
24,112
24,113
24,114
24,115
24,116
24,117
24,118
24,119
24,120
24,121
24,122
24,123
24,124
24,125
24,126
24,127
24,128
24,129
24,130
24,131
24,132
24,133
24,134
24,135
24,136
24,137
24,138
24,139
24,140
24,141
24,142
24,143
24,144
24,145
24,146
24,147
24,148
24,149
24,150
24,151
24,152
24,153
24,154
24,155
24,156
24,157
24,158
24,159
24,160
24,161
24,162
24,163
24,164
24,165
24,166
24,167
24,168
24,169
24,170
24,171
24,172
24,173
24,174
24,175
24,176
24,177
24,178
24,179
24,180
24,181
24,182
24,183
24,184
24,185
24,186
24,187
24,188
24,189
24,190
24,191
24,192
24,193
24,194
24,195
24,196
24,197
24,198
24,199
24,200
24,201
24,202
24,203
24,204
24,205
24,206
24,207
24,208
24,209
24,210
24,211
24,212
24,213
24,214
24,215
24,216
24,217
24,218
24,219
24,220
24,221
24,222
24,223
24,224
24,225
24,226
24,227
24,228
24,229
24,230
24,231
24,232
24,233
24,234
24,235
24,236
24,237
24,238
24,239
24,240
24,241
24,242
24,243
24,244
24,245
24,246
24,247
24,248
24,249
24,250
24,251
24,252
24,253
24,254
24,255
24,256
24,257
24,258
24,259
24,260
24,261
24,262
24,263
24,264
24,265
24,266
24,267
24,268
24,269
24,270
24,271
24,272
24,273
24,274
24,275
24,276
24,277
24,278
24,279
24,280
24,281
24,282
24,283
24,284
24,285
24,286
24,287
24,288
24,289
24,290
24,291
24,292
24,293
24,294
24,295
24,296
24,297
24,298
24,299
24,300
24,301
24,302
24,303
24,304
24,305
24,306
24,307
24,308
24,309
24,310
24,311
24,312
24,313
24,314
24,315
24,316
24,317
24,318
24,319
24,320
24,321
24,322
24,323
24,324
24,325
24,326
24,327
24,328
24,329
24,330
24,331
24,332
24,333
24,334
24,335
24,336
24,337
24,338
24,339
24,340
24,341
24,342
24,343
24,344
24,345
24,346
24,347
24,348
24,349
24,350
24,351
24,352
24,353
24,354
24,355
24,356
24,357
24,358
24,359
24,360
24,361
24,362
24,363
24,364
24,365
24,366
24,367
24,368
24,369
24,370
24,371
24,372
24,373
24,374
24,375
24,376
24,377
24,378
24,379
24,380
24,381
24,382
24,383
24,384
24,385
24,386
24,387
24,388
24,389
24,390
24,391
24,392
24,393
24,394
24,395
24,396
24,397
24,398
24,399
24,400
24,401
24,402
24,403
24,404
24,405
24,406
24,407
24,408
24,409
24,410
24,411
24,412
24,413
24,414
24,415
24,416
24,417
24,418
24,419
24,420
24,421
24,422
24,423
24,424
24,425
24,426
24,427
24,428
24,429
24,430
24,431
24,432
24,433
24,434
24,435
24,436
24,437
24,438
24,439
24,440
24,441
24,442
24,443
24,444
24,445
24,446
24,447
24,448
24,449
24,450
24,451
24,452
24,453
24,454
24,455
24,456
24,457
24,458
24,459
24,460
24,461
24,462
24,463
24,464
24,465
24,466
24,467
24,468
24,469
24,470
24,471
24,472
24,473
24,474
24,475
24,476
24,477
24,478
24,479
24,480
24,481
24,482
24,483
24,484
24,485
24,486
24,487
24,488
24,489
24,490
24,491
24,492
24,493
24,494
24,495
24,496
24,497
24,498
24,499
24,500
24,501
24,502
24,503
24,504
24,505
24,506
24,507
24,508
24,509
24,510
24,511
24,512
24,513
24,514
24,515
24,516
24,517
24,518
24,519
24,520
24,521
24,522
24,523
24,524
24,525
24,526
24,527
24,528
24,529
24,530
24,531
24,532
24,533
24,534
24,535
24,536
24,537
24,538
24,539
24,540
24,541
24,542
24,543
24,544
24,545
24,546
24,547
24,548
24,549
24,550
24,551
24,552
24,553
24,554
24,555
24,556
24,557
24,558
24,559
24,560
24,561
24,562
24,563
24,564
24,565
24,566
24,567
24,568
24,569
24,570
24,571
24,572
24,573
24,574
24,575
24,576
24,577
24,578
24,579
24,580
24,581
24,582
24,583
24,584
24,585
24,586
24,587
24,588
24,589
24,590
24,591
24,592
24,593
24,594
24,595
24,596
24,597
24,598
24,599
24,600
24,601
24,602
24,603
24,604
24,605
24,606
24,607
24,608
24,609
24,610
24,611
24,612
24,613
24,614
24,615
24,616
24,617
24,618
24,619
24,620
24,621
24,622
24,623
24,624
24,625
24,626
24,627
24,628
24,629
24,630
24,631
24,632
24,633
24,634
24,635
24,636
24,637
24,638
24,639
24,640
24,641
24,642
24,643
24,644
24,645
24,646
24,647
24,648
24,649
24,650
24,651
24,652
24,653
24,654
24,655
24,656
24,657
24,658
24,659
24,660
24,661
24,662
24,663
24,664
24,665
24,666
24,667
24,668
24,669
24,670
24,671
24,672
24,673
24,674
24,675
24,676
24,677
24,678
24,679
24,680
24,681
24,682
24,683
24,684
24,685
24,686
24,687
24,688
24,689
24,690
24,691
24,692
24,693
24,694
24,695
24,696
24,697
24,698
24,699
24,700
24,701
24,702
24,703
24,704
24,705
24,706
24,707
24,708
24,709
24,710
24,711
24,712
24,713
24,714
24,715
24,716
24,717
24,718
24,719
24,720
24,721
24,722
24,723
24,724
24,725
24,726
24,727
24,728
24,729
24,730
24,731
24,732
24,733
24,734
24,735
24,736
24,737
24,738
24,739
24,740
24,741
24,742
24,743
24,744
24,745
24,746
24,747
24,748
24,749
24,750
24,751
24,752
24,753
24,754
24,755
24,756
24,757
24,758
24,759
24,760
24,761
24,762
24,763
24,764
24,765
24,766
24,767
24,768
24,769
24,770
24,771
24,772
24,773
24,774
24,775
24,776
24,777
24,778
24,779
24,780
24,781
24,782
24,783
24,784
24,785
24,786
24,787
24,788
24,789
24,790
24,791
24,792
24,793
24,794
24,795
24,796
24,797
24,798
24,799
24,800
24,801
24,802
24,803
24,804
24,805
24,806
24,807
24,808
24,809
24,810
24,811
24,812
24,813
24,814
24,815
24,816
24,817
24,818
24,819
24,820
24,821
24,822
24,823
24,824
24,825
24,826
24,827
24,828
24,829
24,830
24,831
24,832
24,833
24,834
24,835
24,836
24,837
24,838
24,839
24,840
24,841
24,842
24,843
24,844
24,845
24,846
24,847
24,848
24,849
24,850
24,851
24,852
24,853
24,854
24,855
24,856
24,857
24,858
24,859
24,860
24,861
24,862
24,863
24,864
24,865
24,866
24,867
24,868
24,869
24,870
24,871
24,872
24,873
24,874
24,875
24,876
24,877
24,878
24,879
24,880
24,881
24,882
24,883
24,884
24,885
24,886
24,887
24,888
24,889
24,890
24,891
24,892
24,893
24,894
24,895
24,896
24,897
24,898
24,899
24,900
24,901
24,902
24,903
24,904
24,905
24,906
24,907
24,908
24,909
24,910
24,911
24,912
24,913
24,914
24,915
24,916
24,917
24,918
24,919
24,920
24,921
24,922
24,923
24,924
24,925
24,926
24,927
24,928
24,929
24,930
24,931
24,932
24,933
24,934
24,935
24,936
24,937
24,938
24,939
24,940
24,941
24,942
24,943
24,944
24,945
24,946
24,947
24,948
24,949
24,950
24,951
24,952
24,953
24,954
24,955
24,956
24,957
24,958
24,959
24,960
24,961
24,962
24,963
24,964
24,965
24,966
24,967
24,968
24,969
24,970
24,971
24,972
24,973
24,974
24,975
24,976
24,977
24,978
24,979
24,980
24,981
24,982
24,983
24,984
24,985
24,986
24,987
24,988
24,989
24,990
24,991
24,992
24,993
24,994
24,995
24,996
24,997
24,998
24,999
24,-41
24,-42
24,-43
24,-44
24,-45
24,-46
24,-47
24,-48
24,-49
24,-50
24,-51
24,-52
24,-53
24,-54
24,-55
24,-56
24,-57
24,-58
24,-59
24,-60
24,-61
24,-62
24,-63
24,-64
24,-65
24,-66
24,-67
24,-68
24,-69
24,-70
24,-71
24,-72
24,-73
24,-74
24,-75
24,-76
24,-77
24,-78
24,-79
24,-80
24,-81
24,-82
24,-83
24,-84
24,-85
24,-86
24,-87
24,-88
24,-89
24,-90
24,-91
24,-92
24,-93
24,-94
24,-95
24,-96
24,-97
24,-98
24,-99
24,-100
24,-101
24,-102
24,-103
24,-104
24,-105
24,-106
24,-107
24,-108
24,-109
24,-110
24,-111
24,-112
24,-113
24,-114
24,-115
24,-116
24,-117
24,-118
24,-119
24,-120
24,-121
24,-122
24,-123
24,-124
24,-125
24,-126
24,-127
24,-128
24,-129
24,-130
24,-131
24,-132
24,-133
24,-134
24,-135
24,-136
24,-137
24,-138
24,-139
24,-140
24,-141
24,-142
24,-143
24,-144
24,-145
24,-146
24,-147
24,-148
24,-149
24,-150
24,-151
24,-152
24,-153
24,-154
24,-155
24,-156
24,-157
24,-158
24,-159
24,-160
24,-161
24,-162
24,-163
24,-164
24,-165
24,-166
24,-167
24,-168
24,-169
24,-170
24,-171
24,-172
24,-173
24,-174
24,-175
24,-176
24,-177
24,-178
24,-179
24,-180
24,-181
24,-182
24,-183
24,-184
24,-185
24,-186
24,-187
24,-188
24,-189
24,-190
24,-191
24,-192
24,-193
24,-194
24,-195
24,-196
24,-197
24,-198
24,-199
24,-200
24,-201
24,-202
24,-203
24,-204
24,-205
24,-206
24,-207
24,-208
24,-209
24,-210
24,-211
24,-212
24,-213
24,-214
24,-215
24,-216
24,-217
24,-218
24,-219
24,-220
24,-221
24,-222
24,-223
24,-224
24,-225
24,-226
24,-227
24,-228
24,-229
24,-230
24,-231
24,-232
24,-233
24,-234
24,-235
24,-236
24,-237
24,-238
24,-239
24,-240
24,-241
24,-242
24,-243
24,-244
24,-245
24,-246
24,-247
24,-248
24,-249
24,-250
24,-251
24,-252
24,-253
24,-254
24,-255
24,-256
24,-257
24,-258
24,-259
24,-260
24,-261
24,-262
24,-263
24,-264
24,-265
24,-266
24,-267
24,-268
24,-269
24,-270
24,-271
24,-272
24,-273
24,-274
24,-275
24,-276
24,-277
24,-278
24,-279
24,-280
24,-281
24,-282
24,-283
24,-284
24,-285
24,-286
24,-287
24,-288
24,-289
24,-290
24,-291
24,-292
24,-293
24,-294
24,-295
24,-296
24,-297
24,-298
24,-299
24,-300
24,-301
24,-302
24,-303
24,-304
24,-305
24,-306
24,-307
24,-308
24,-309
24,-310
24,-311
24,-312
24,-313
24,-314
24,-315
24,-316
24,-317
24,-318
24,-319
24,-320
24,-321
24,-322
24,-323
24,-324
24,-325
24,-326
24,-327
24,-328
24,-329
24,-330
24,-331
24,-332
24,-333
24,-334
24,-335
24,-336
24,-337
24,-338
24,-339
24,-340
24,-341
24,-342
24,-343
24,-344
24,-345
24,-346
24,-347
24,-348
24,-349
24,-350
24,-351
24,-352
24,-353
24,-354
24,-355
24,-356
24,-357
24,-358
24,-359
24,-360
24,-361
24,-362
24,-363
24,-364
24,-365
24,-366
24,-367
24,-368
24,-369
24,-370
24,-371
24,-372
24,-373
24,-374
24,-375
24,-376
24,-377
24,-378
24,-379
24,-380
24,-381
24,-382
24,-383
24,-384
24,-385
24,-386
24,-387
24,-388
24,-389
24,-390
24,-391
24,-392
24,-393
24,-394
24,-395
24,-396
24,-397
24,-398
24,-399
24,-400
24,-401
24,-402
24,-403
24,-404
24,-405
24,-406
24,-407
24,-408
24,-409
24,-410
24,-411
24,-412
24,-413
24,-414
24,-415
24,-416
24,-417
24,-418
24,-419
24,-420
24,-421
24,-422
24,-423
24,-424
24,-425
24,-426
24,-427
24,-428
24,-429
24,-430
24,-431
24,-432
24,-433
24,-434
24,-435
24,-436
24,-437
24,-438
24,-439
24,-440
24,-441
24,-442
24,-443
24,-444
24,-445
24,-446
24,-447
24,-448
24,-449
24,-450
24,-451
24,-452
24,-453
24,-454
24,-455
24,-456
24,-457
24,-458
24,-459
24,-460
24,-461
24,-462
24,-463
24,-464
24,-465
24,-466
24,-467
24,-468
24,-469
24,-470
24,-471
24,-472
24,-473
24,-474
24,-475
24,-476
24,-477
24,-478
24,-479
24,-480
24,-481
24,-482
24,-483
24,-484
24,-485
24,-486
24,-487
24,-488
24,-489
24,-490
24,-491
24,-492
24,-493
24,-494
24,-495
24,-496
24,-497
24,-498
24,-499
24,-500
24,-501
24,-502
24,-503
24,-504
24,-505
24,-506
24,-507
24,-508
24,-509
24,-510
24,-511
24,-512
24,-513
24,-514
24,-515
24,-516
24,-517
24,-518
24,-519
24,-520
24,-521
24,-522
24,-523
24,-524
24,-525
24,-526
24,-527
24,-528
24,-529
24,-530
24,-531
24,-532
24,-533
24,-534
24,-535
24,-536
24,-537
24,-538
24,-539
24,-540
24,-541
24,-542
24,-543
24,-544
24,-545
24,-546
24,-547
24,-548
24,-549
24,-550
24,-551
24,-552
24,-553
24,-554
24,-555
24,-556
24,-557
24,-558
24,-559
24,-560
24,-561
24,-562
24,-563
24,-564
24,-565
24,-566
24,-567
24,-568
24,-569
24,-570
24,-571
24,-572
24,-573
24,-574
24,-575
24,-576
24,-577
24,-578
24,-579
24,-580
24,-581
24,-582
24,-583
24,-584
24,-585
24,-586
24,-587
24,-588
24,-589
24,-590
24,-591
24,-592
24,-593
24,-594
24,-595
24,-596
24,-597
24,-598
24,-599
24,-600
24,-601
24,-602
24,-603
24,-604
24,-605
24,-606
24,-607
24,-608
24,-609
24,-610
24,-611
24,-612
24,-613
24,-614
24,-615
24,-616
24,-617
24,-618
24,-619
24,-620
24,-621
24,-622
24,-623
24,-624
24,-625
24,-626
24,-627
24,-628
24,-629
24,-630
24,-631
24,-632
24,-633
24,-634
24,-635
24,-636
24,-637
24,-638
24,-639
24,-640
24,-641
24,-642
24,-643
24,-644
24,-645
24,-646
24,-647
24,-648
24,-649
24,-650
24,-651
24,-652
24,-653
24,-654
24,-655
24,-656
24,-657
24,-658
24,-659
24,-660
24,-661
24,-662
24,-663
24,-664
24,-665
24,-666
24,-667
24,-668
24,-669
24,-670
24,-671
24,-672
24,-673
24,-674
24,-675
24,-676
24,-677
24,-678
24,-679
24,-680
24,-681
24,-682
24,-683
24,-684
24,-685
24,-686
24,-687
24,-688
24,-689
24,-690
24,-691
24,-692
24,-693
24,-694
24,-695
24,-696
24,-697
24,-698
24,-699
24,-700
24,-701
24,-702
24,-703
24,-704
24,-705
24,-706
24,-707
24,-708
24,-709
24,-710
24,-711
24,-712
24,-713
24,-714
24,-715
24,-716
24,-717
24,-718
24,-719
24,-720
24,-721
24,-722
24,-723
24,-724
24,-725
24,-726
24,-727
24,-728
24,-729
24,-730
24,-731
24,-732
24,-733
24,-734
24,-735
24,-736
24,-737
24,-738
24,-739
24,-740
24,-741
24,-742
24,-743
24,-744
24,-745
24,-746
24,-747
24,-748
24,-749
24,-750
24,-751
24,-752
24,-753
24,-754
24,-755
24,-756
24,-757
24,-758
24,-759
24,-760
24,-761
24,-762
24,-763
24,-764
24,-765
24,-766
24,-767
24,-768
24,-769
24,-770
24,-771
24,-772
24,-773
24,-774
24,-775
24,-776
24,-777
24,-778
24,-779
24,-780
24,-781
24,-782
24,-783
24,-784
24,-785
24,-786
24,-787
24,-788
24,-789
24,-790
24,-791
24,-792
24,-793
24,-794
24,-795
24,-796
24,-797
24,-798
24,-799
24,-800
24,-801
24,-802
24,-803
24,-804
24,-805
24,-806
24,-807
24,-808
24,-809
24,-810
24,-811
24,-812
24,-813
24,-814
24,-815
24,-816
24,-817
24,-818
24,-819
24,-820
24,-821
24,-822
24,-823
24,-824
24,-825
24,-826
24,-827
24,-828
24,-829
24,-830
24,-831
24,-832
24,-833
24,-834
24,-835
24,-836
24,-837
24,-838
24,-839
24,-840
24,-841
24,-842
24,-843
24,-844
24,-845
24,-846
24,-847
24,-848
24,-849
24,-850
24,-851
24,-852
24,-853
24,-854
24,-855
24,-856
24,-857
24,-858
24,-859
24,-860
24,-861
24,-862
24,-863
24,-864
24,-865
24,-866
24,-867
24,-868
24,-869
24,-870
24,-871
24,-872
24,-873
24,-874
24,-875
24,-876
24,-877
24,-878
24,-879
24,-880
24,-881
24,-882
24,-883
24,-884
24,-885
24,-886
24,-887
24,-888
24,-889
24,-890
24,-891
24,-892
24,-893
24,-894
24,-895
24,-896
24,-897
24,-898
24,-899
24,-900
24,-901
24,-902
24,-903
24,-904
24,-905
24,-906
24,-907
24,-908
24,-909
24,-910
24,-911
24,-912
24,-913
24,-914
24,-915
24,-916
24,-917
24,-918
24,-919
24,-920
24,-921
24,-922
24,-923
24,-924
24,-925
24,-926
24,-927
24,-928
24,-929
24,-930
24,-931
24,-932
24,-933
24,-934
24,-935
24,-936
24,-937
24,-938
24,-939
24,-940
24,-941
24,-942
24,-943
24,-944
24,-945
24,-946
24,-947
24,-948
24,-949
24,-950
24,-951
24,-952
24,-953
24,-954
24,-955
24,-956
24,-957
24,-958
24,-959
24,-960
24,-961
24,-962
24,-963
24,-964
24,-965
24,-966
24,-967
24,-968
24,-969
24,-970
24,-971
24,-972
24,-973
24,-974
24,-975
24,-976
24,-977
24,-978
24,-979
24,-980
24,-981
24,-982
24,-983
24,-984
24,-985
24,-986
24,-987
24,-988
24,-989
24,-990
24,-991
24,-992
24,-993
24,-994
24,-995
24,-996
24,-997
24,-998
24,-999
25,41
25,42
25,43
25,44
25,45
25,46
25,47
25,48
25,49
25,50
25,51
25,52
25,53
25,54
25,55
25,56
25,57
25,58
25,59
25,60
25,61
25,62
25,63
25,64
25,65
25,66
25,67
25,68
25,69
25,70
25,71
25,72
25,73
25,74
25,75
25,76
25,77
25,78
25,79
25,80
25,81
25,82
25,83
25,84
25,85
25,86
25,87
25,88
25,89
25,90
25,91
25,92
25,93
25,94
25,95
25,96
25,97
25,98
25,99
25,100
25,101
25,102
25,103
25,104
25,105
25,106
25,107
25,108
25,109
25,110
25,111
25,112
25,113
25,114
25,115
25,116
25,117
25,118
25,119
25,120
25,121
25,122
25,123
25,124
25,125
25,126
25,127
25,128
25,129
25,130
25,131
25,132
25,133
25,134
25,135
25,136
25,137
25,138
25,139
25,140
25,141
25,142
25,143
25,144
25,145
25,146
25,147
25,148
25,149
25,150
25,151
25,152
25,153
25,154
25,155
25,156
25,157
25,158
25,159
25,160
25,161
25,162
25,163
25,164
25,165
25,166
25,167
25,168
25,169
25,170
25,171
25,172
25,173
25,174
25,175
25,176
25,177
25,178
25,179
25,180
25,181
25,182
25,183
25,184
25,185
25,186
25,187
25,188
25,189
25,190
25,191
25,192
25,193
25,194
25,195
25,196
25,197
25,198
25,199
25,200
25,201
25,202
25,203
25,204
25,205
25,206
25,207
25,208
25,209
25,210
25,211
25,212
25,213
25,214
25,215
25,216
25,217
25,218
25,219
25,220
25,221
25,222
25,223
25,224
25,225
25,226
25,227
25,228
25,229
25,230
25,231
25,232
25,233
25,234
25,235
25,236
25,237
25,238
25,239
25,240
25,241
25,242
25,243
25,244
25,245
25,246
25,247
25,248
25,249
25,250
25,251
25,252
25,253
25,254
25,255
25,256
25,257
25,258
25,259
25,260
25,261
25,262
25,263
25,264
25,265
25,266
25,267
25,268
25,269
25,270
25,271
25,272
25,273
25,274
25,275
25,276
25,277
25,278
25,279
25,280
25,281
25,282
25,283
25,284
25,285
25,286
25,287
25,288
25,289
25,290
25,291
25,292
25,293
25,294
25,295
25,296
25,297
25,298
25,299
25,300
25,301
25,302
25,303
25,304
25,305
25,306
25,307
25,308
25,309
25,310
25,311
25,312
25,313
25,314
25,315
25,316
25,317
25,318
25,319
25,320
25,321
25,322
25,323
25,324
25,325
25,326
25,327
25,328
25,329
25,330
25,331
25,332
25,333
25,334
25,335
25,336
25,337
25,338
25,339
25,340
25,341
25,342
25,343
25,344
25,345
25,346
25,347
25,348
25,349
25,350
25,351
25,352
25,353
25,354
25,355
25,356
25,357
25,358
25,359
25,360
25,361
25,362
25,363
25,364
25,365
25,366
25,367
25,368
25,369
25,370
25,371
25,372
25,373
25,374
25,375
25,376
25,377
25,378
25,379
25,380
25,381
25,382
25,383
25,384
25,385
25,386
25,387
25,388
25,389
25,390
25,391
25,392
25,393
25,394
25,395
25,396
25,397
25,398
25,399
25,400
25,401
25,402
25,403
25,404
25,405
25,406
25,407
25,408
25,409
25,410
25,411
25,412
25,413
25,414
25,415
25,416
25,417
25,418
25,419
25,420
25,421
25,422
25,423
25,424
25,425
25,426
25,427
25,428
25,429
25,430
25,431
25,432
25,433
25,434
25,435
25,436
25,437
25,438
25,439
25,440
25,441
25,442
25,443
25,444
25,445
25,446
25,447
25,448
25,449
25,450
25,451
25,452
25,453
25,454
25,455
25,456
25,457
25,458
25,459
25,460
25,461
25,462
25,463
25,464
25,465
25,466
25,467
25,468
25,469
25,470
25,471
25,472
25,473
25,474
25,475
25,476
25,477
25,478
25,479
25,480
25,481
25,482
25,483
25,484
25,485
25,486
25,487
25,488
25,489
25,490
25,491
25,492
25,493
25,494
25,495
25,496
25,497
25,498
25,499
25,500
25,501
25,502
25,503
25,504
25,505
25,506
25,507
25,508
25,509
25,510
25,511
25,512
25,513
25,514
25,515
25,516
25,517
25,518
25,519
25,520
25,521
25,522
25,523
25,524
25,525
25,526
25,527
25,528
25,529
25,530
25,531
25,532
25,533
25,534
25,535
25,536
25,537
25,538
25,539
25,540
25,541
25,542
25,543
25,544
25,545
25,546
25,547
25,548
25,549
25,550
25,551
25,552
25,553
25,554
25,555
25,556
25,557
25,558
25,559
25,560
25,561
25,562
25,563
25,564
25,565
25,566
25,567
25,568
25,569
25,570
25,571
25,572
25,573
25,574
25,575
25,576
25,577
25,578
25,579
25,580
25,581
25,582
25,583
25,584
25,585
25,586
25,587
25,588
25,589
25,590
25,591
25,592
25,593
25,594
25,595
25,596
25,597
25,598
25,599
25,600
25,601
25,602
25,603
25,604
25,605
25,606
25,607
25,608
25,609
25,610
25,611
25,612
25,613
25,614
25,615
25,616
25,617
25,618
25,619
25,620
25,621
25,622
25,623
25,624
25,625
25,626
25,627
25,628
25,629
25,630
25,631
25,632
25,633
25,634
25,635
25,636
25,637
25,638
25,639
25,640
25,641
25,642
25,643
25,644
25,645
25,646
25,647
25,648
25,649
25,650
25,651
25,652
25,653
25,654
25,655
25,656
25,657
25,658
25,659
25,660
25,661
25,662
25,663
25,664
25,665
25,666
25,667
25,668
25,669
25,670
25,671
25,672
25,673
25,674
25,675
25,676
25,677
25,678
25,679
25,680
25,681
25,682
25,683
25,684
25,685
25,686
25,687
25,688
25,689
25,690
25,691
25,692
25,693
25,694
25,695
25,696
25,697
25,698
25,699
25,700
25,701
25,702
25,703
25,704
25,705
25,706
25,707
25,708
25,709
25,710
25,711
25,712
25,713
25,714
25,715
25,716
25,717
25,718
25,719
25,720
25,721
25,722
25,723
25,724
25,725
25,726
25,727
25,728
25,729
25,730
25,731
25,732
25,733
25,734
25,735
25,736
25,737
25,738
25,739
25,740
25,741
25,742
25,743
25,744
25,745
25,746
25,747
25,748
25,749
25,750
25,751
25,752
25,753
25,754
25,755
25,756
25,757
25,758
25,759
25,760
25,761
25,762
25,763
25,764
25,765
25,766
25,767
25,768
25,769
25,770
25,771
25,772
25,773
25,774
25,775
25,776
25,777
25,778
25,779
25,780
25,781
25,782
25,783
25,784
25,785
25,786
25,787
25,788
25,789
25,790
25,791
25,792
25,793
25,794
25,795
25,796
25,797
25,798
25,799
25,800
25,801
25,802
25,803
25,804
25,805
25,806
25,807
25,808
25,809
25,810
25,811
25,812
25,813
25,814
25,815
25,816
25,817
25,818
25,819
25,820
25,821
25,822
25,823
25,824
25,825
25,826
25,827
25,828
25,829
25,830
25,831
25,832
25,833
25,834
25,835
25,836
25,837
25,838
25,839
25,840
25,841
25,842
25,843
25,844
25,845
25,846
25,847
25,848
25,849
25,850
25,851
25,852
25,853
25,854
25,855
25,856
25,857
25,858
25,859
25,860
25,861
25,862
25,863
25,864
25,865
25,866
25,867
25,868
25,869
25,870
25,871
25,872
25,873
25,874
25,875
25,876
25,877
25,878
25,879
25,880
25,881
25,882
25,883
25,884
25,885
25,886
25,887
25,888
25,889
25,890
25,891
25,892
25,893
25,894
25,895
25,896
25,897
25,898
25,899
25,900
25,901
25,902
25,903
25,904
25,905
25,906
25,907
25,908
25,909
25,910
25,911
25,912
25,913
25,914
25,915
25,916
25,917
25,918
25,919
25,920
25,921
25,922
25,923
25,924
25,925
25,926
25,927
25,928
25,929
25,930
25,931
25,932
25,933
25,934
25,935
25,936
25,937
25,938
25,939
25,940
25,941
25,942
25,943
25,944
25,945
25,946
25,947
25,948
25,949
25,950
25,951
25,952
25,953
25,954
25,955
25,956
25,957
25,958
25,959
25,960
25,961
25,962
25,963
25,964
25,965
25,966
25,967
25,968
25,969
25,970
25,971
25,972
25,973
25,974
25,975
25,976
25,977
25,978
25,979
25,980
25,981
25,982
25,983
25,984
25,985
25,986
25,987
25,988
25,989
25,990
25,991
25,992
25,993
25,994
25,995
25,996
25,997
25,998
25,999
25,-41
25,-42
25,-43
25,-44
25,-45
25,-46
25,-47
25,-48
25,-49
25,-50
25,-51
25,-52
25,-53
25,-54
25,-55
25,-56
25,-57
25,-58
25,-59
25,-60
25,-61
25,-62
25,-63
25,-64
25,-65
25,-66
25,-67
25,-68
25,-69
25,-70
25,-71
25,-72
25,-73
25,-74
25,-75
25,-76
25,-77
25,-78
25,-79
25,-80
25,-81
25,-82
25,-83
25,-84
25,-85
25,-86
25,-87
25,-88
25,-89
25,-90
25,-91
25,-92
25,-93
25,-94
25,-95
25,-96
25,-97
25,-98
25,-99
25,-100
25,-101
25,-102
25,-103
25,-104
25,-105
25,-106
25,-107
25,-108
25,-109
25,-110
25,-111
25,-112
25,-113
25,-114
25,-115
25,-116
25,-117
25,-118
25,-119
25,-120
25,-121
25,-122
25,-123
25,-124
25,-125
25,-126
25,-127
25,-128
25,-129
25,-130
25,-131
25,-132
25,-133
25,-134
25,-135
25,-136
25,-137
25,-138
25,-139
25,-140
25,-141
25,-142
25,-143
25,-144
25,-145
25,-146
25,-147
25,-148
25,-149
25,-150
25,-151
25,-152
25,-153
25,-154
25,-155
25,-156
25,-157
25,-158
25,-159
25,-160
25,-161
25,-162
25,-163
25,-164
25,-165
25,-166
25,-167
25,-168
25,-169
25,-170
25,-171
25,-172
25,-173
25,-174
25,-175
25,-176
25,-177
25,-178
25,-179
25,-180
25,-181
25,-182
25,-183
25,-184
25,-185
25,-186
25,-187
25,-188
25,-189
25,-190
25,-191
25,-192
25,-193
25,-194
25,-195
25,-196
25,-197
25,-198
25,-199
25,-200
25,-201
25,-202
25,-203
25,-204
25,-205
25,-206
25,-207
25,-208
25,-209
25,-210
25,-211
25,-212
25,-213
25,-214
25,-215
25,-216
25,-217
25,-218
25,-219
25,-220
25,-221
25,-222
25,-223
25,-224
25,-225
25,-226
25,-227
25,-228
25,-229
25,-230
25,-231
25,-232
25,-233
25,-234
25,-235
25,-236
25,-237
25,-238
25,-239
25,-240
25,-241
25,-242
25,-243
25,-244
25,-245
25,-246
25,-247
25,-248
25,-249
25,-250
25,-251
25,-252
25,-253
25,-254
25,-255
25,-256
25,-257
25,-258
25,-259
25,-260
25,-261
25,-262
25,-263
25,-264
25,-265
25,-266
25,-267
25,-268
25,-269
25,-270
25,-271
25,-272
25,-273
25,-274
25,-275
25,-276
25,-277
25,-278
25,-279
25,-280
25,-281
25,-282
25,-283
25,-284
25,-285
25,-286
25,-287
25,-288
25,-289
25,-290
25,-291
25,-292
25,-293
25,-294
25,-295
25,-296
25,-297
25,-298
25,-299
25,-300
25,-301
25,-302
25,-303
25,-304
25,-305
25,-306
25,-307
25,-308
25,-309
25,-310
25,-311
25,-312
25,-313
25,-314
25,-315
25,-316
25,-317
25,-318
25,-319
25,-320
25,-321
25,-322
25,-323
25,-324
25,-325
25,-326
25,-327
25,-328
25,-329
25,-330
25,-331
25,-332
25,-333
25,-334
25,-335
25,-336
25,-337
25,-338
25,-339
25,-340
25,-341
25,-342
25,-343
25,-344
25,-345
25,-346
25,-347
25,-348
25,-349
25,-350
25,-351
25,-352
25,-353
25,-354
25,-355
25,-356
25,-357
25,-358
25,-359
25,-360
25,-361
25,-362
25,-363
25,-364
25,-365
25,-366
25,-367
25,-368
25,-369
25,-370
25,-371
25,-372
25,-373
25,-374
25,-375
25,-376
25,-377
25,-378
25,-379
25,-380
25,-381
25,-382
25,-383
25,-384
25,-385
25,-386
25,-387
25,-388
25,-389
25,-390
25,-391
25,-392
25,-393
25,-394
25,-395
25,-396
25,-397
25,-398
25,-399
25,-400
25,-401
25,-402
25,-403
25,-404
25,-405
25,-406
25,-407
25,-408
25,-409
25,-410
25,-411
25,-412
25,-413
25,-414
25,-415
25,-416
25,-417
25,-418
25,-419
25,-420
25,-421
25,-422
25,-423
25,-424
25,-425
25,-426
25,-427
25,-428
25,-429
25,-430
25,-431
25,-432
25,-433
25,-434
25,-435
25,-436
25,-437
25,-438
25,-439
25,-440
25,-441
25,-442
25,-443
25,-444
25,-445
25,-446
25,-447
25,-448
25,-449
25,-450
25,-451
25,-452
25,-453
25,-454
25,-455
25,-456
25,-457
25,-458
25,-459
25,-460
25,-461
25,-462
25,-463
25,-464
25,-465
25,-466
25,-467
25,-468
25,-469
25,-470
25,-471
25,-472
25,-473
25,-474
25,-475
25,-476
25,-477
25,-478
25,-479
25,-480
25,-481
25,-482
25,-483
25,-484
25,-485
25,-486
25,-487
25,-488
25,-489
25,-490
25,-491
25,-492
25,-493
25,-494
25,-495
25,-496
25,-497
25,-498
25,-499
25,-500
25,-501
25,-502
25,-503
25,-504
25,-505
25,-506
25,-507
25,-508
25,-509
25,-510
25,-511
25,-512
25,-513
25,-514
25,-515
25,-516
25,-517
25,-518
25,-519
25,-520
25,-521
25,-522
25,-523
25,-524
25,-525
25,-526
25,-527
25,-528
25,-529
25,-530
25,-531
25,-532
25,-533
25,-534
25,-535
25,-536
25,-537
25,-538
25,-539
25,-540
25,-541
25,-542
25,-543
25,-544
25,-545
25,-546
25,-547
25,-548
25,-549
25,-550
25,-551
25,-552
25,-553
25,-554
25,-555
25,-556
25,-557
25,-558
25,-559
25,-560
25,-561
25,-562
25,-563
25,-564
25,-565
25,-566
25,-567
25,-568
25,-569
25,-570
25,-571
25,-572
25,-573
25,-574
25,-575
25,-576
25,-577
25,-578
25,-579
25,-580
25,-581
25,-582
25,-583
25,-584
25,-585
25,-586
25,-587
25,-588
25,-589
25,-590
25,-591
25,-592
25,-593
25,-594
25,-595
25,-596
25,-597
25,-598
25,-599
25,-600
25,-601
25,-602
25,-603
25,-604
25,-605
25,-606
25,-607
25,-608
25,-609
25,-610
25,-611
25,-612
25,-613
25,-614
25,-615
25,-616
25,-617
25,-618
25,-619
25,-620
25,-621
25,-622
25,-623
25,-624
25,-625
25,-626
25,-627
25,-628
25,-629
25,-630
25,-631
25,-632
25,-633
25,-634
25,-635
25,-636
25,-637
25,-638
25,-639
25,-640
25,-641
25,-642
25,-643
25,-644
25,-645
25,-646
25,-647
25,-648
25,-649
25,-650
25,-651
25,-652
25,-653
25,-654
25,-655
25,-656
25,-657
25,-658
25,-659
25,-660
25,-661
25,-662
25,-663
25,-664
25,-665
25,-666
25,-667
25,-668
25,-669
25,-670
25,-671
25,-672
25,-673
25,-674
25,-675
25,-676
25,-677
25,-678
25,-679
25,-680
25,-681
25,-682
25,-683
25,-684
25,-685
25,-686
25,-687
25,-688
25,-689
25,-690
25,-691
25,-692
25,-693
25,-694
25,-695
25,-696
25,-697
25,-698
25,-699
25,-700
25,-701
25,-702
25,-703
25,-704
25,-705
25,-706
25,-707
25,-708
25,-709
25,-710
25,-711
25,-712
25,-713
25,-714
25,-715
25,-716
25,-717
25,-718
25,-719
25,-720
25,-721
25,-722
25,-723
25,-724
25,-725
25,-726
25,-727
25,-728
25,-729
25,-730
25,-731
25,-732
25,-733
25,-734
25,-735
25,-736
25,-737
25,-738
25,-739
25,-740
25,-741
25,-742
25,-743
25,-744
25,-745
25,-746
25,-747
25,-748
25,-749
25,-750
25,-751
25,-752
25,-753
25,-754
25,-755
25,-756
25,-757
25,-758
25,-759
25,-760
25,-761
25,-762
25,-763
25,-764
25,-765
25,-766
25,-767
25,-768
25,-769
25,-770
25,-771
25,-772
25,-773
25,-774
25,-775
25,-776
25,-777
25,-778
25,-779
25,-780
25,-781
25,-782
25,-783
25,-784
25,-785
25,-786
25,-787
25,-788
25,-789
25,-790
25,-791
25,-792
25,-793
25,-794
25,-795
25,-796
25,-797
25,-798
25,-799
25,-800
25,-801
25,-802
25,-803
25,-804
25,-805
25,-806
25,-807
25,-808
25,-809
25,-810
25,-811
25,-812
25,-813
25,-814
25,-815
25,-816
25,-817
25,-818
25,-819
25,-820
25,-821
25,-822
25,-823
25,-824
25,-825
25,-826
25,-827
25,-828
25,-829
25,-830
25,-831
25,-832
25,-833
25,-834
25,-835
25,-836
25,-837
25,-838
25,-839
25,-840
25,-841
25,-842
25,-843
25,-844
25,-845
25,-846
25,-847
25,-848
25,-849
25,-850
25,-851
25,-852
25,-853
25,-854
25,-855
25,-856
25,-857
25,-858
25,-859
25,-860
25,-861
25,-862
25,-863
25,-864
25,-865
25,-866
25,-867
25,-868
25,-869
25,-870
25,-871
25,-872
25,-873
25,-874
25,-875
25,-876
25,-877
25,-878
25,-879
25,-880
25,-881
25,-882
25,-883
25,-884
25,-885
25,-886
25,-887
25,-888
25,-889
25,-890
25,-891
25,-892
25,-893
25,-894
25,-895
25,-896
25,-897
25,-898
25,-899
25,-900
25,-901
25,-902
25,-903
25,-904
25,-905
25,-906
25,-907
25,-908
25,-909
25,-910
25,-911
25,-912
25,-913
25,-914
25,-915
25,-916
25,-917
25,-918
25,-919
25,-920
25,-921
25,-922
25,-923
25,-924
25,-925
25,-926
25,-927
25,-928
25,-929
25,-930
25,-931
25,-932
25,-933
25,-934
25,-935
25,-936
25,-937
25,-938
25,-939
25,-940
25,-941
25,-942
25,-943
25,-944
25,-945
25,-946
25,-947
25,-948
25,-949
25,-950
25,-951
25,-952
25,-953
25,-954
25,-955
25,-956
25,-957
25,-958
25,-959
25,-960
25,-961
25,-962
25,-963
25,-964
25,-965
25,-966
25,-967
25,-968
25,-969
25,-970
25,-971
25,-972
25,-973
25,-974
25,-975
25,-976
25,-977
25,-978
25,-979
25,-980
25,-981
25,-982
25,-983
25,-984
25,-985
25,-986
25,-987
25,-988
25,-989
25,-990
25,-991
25,-992
25,-993
25,-994
25,-995
25,-996
25,-997
25,-998
25,-999
26,41
26,42
26,43
26,44
26,45
26,46
26,47
26,48
26,49
26,50
26,51
26,52
26,53
26,54
26,55
26,56
26,57
26,58
26,59
26,60
26,61
26,62
26,63
26,64
26,65
26,66
26,67
26,68
26,69
26,70
26,71
26,72
26,73
26,74
26,75
26,76
26,77
26,78
26,79
26,80
26,81
26,82
26,83
26,84
26,85
26,86
26,87
26,88
26,89
26,90
26,91
26,92
26,93
26,94
26,95
26,96
26,97
26,98
26,99
26,100
26,101
26,102
26,103
26,104
26,105
26,106
26,107
26,108
26,109
26,110
26,111
26,112
26,113
26,114
26,115
26,116
26,117
26,118
26,119
26,120
26,121
26,122
26,123
26,124
26,125
26,126
26,127
26,128
26,129
26,130
26,131
26,132
26,133
26,134
26,135
26,136
26,137
26,138
26,139
26,140
26,141
26,142
26,143
26,144
26,145
26,146
26,147
26,148
26,149
26,150
26,151
26,152
26,153
26,154
26,155
26,156
26,157
26,158
26,159
26,160
26,161
26,162
26,163
26,164
26,165
26,166
26,167
26,168
26,169
26,170
26,171
26,172
26,173
26,174
26,175
26,176
26,177
26,178
26,179
26,180
26,181
26,182
26,183
26,184
26,185
26,186
26,187
26,188
26,189
26,190
26,191
26,192
26,193
26,194
26,195
26,196
26,197
26,198
26,199
26,200
26,201
26,202
26,203
26,204
26,205
26,206
26,207
26,208
26,209
26,210
26,211
26,212
26,213
26,214
26,215
26,216
26,217
26,218
26,219
26,220
26,221
26,222
26,223
26,224
26,225
26,226
26,227
26,228
26,229
26,230
26,231
26,232
26,233
26,234
26,235
26,236
26,237
26,238
26,239
26,240
26,241
26,242
26,243
26,244
26,245
26,246
26,247
26,248
26,249
26,250
26,251
26,252
26,253
26,254
26,255
26,256
26,257
26,258
26,259
26,260
26,261
26,262
26,263
26,264
26,265
26,266
26,267
26,268
26,269
26,270
26,271
26,272
26,273
26,274
26,275
26,276
26,277
26,278
26,279
26,280
26,281
26,282
26,283
26,284
26,285
26,286
26,287
26,288
26,289
26,290
26,291
26,292
26,293
26,294
26,295
26,296
26,297
26,298
26,299
26,300
26,301
26,302
26,303
26,304
26,305
26,306
26,307
26,308
26,309
26,310
26,311
26,312
26,313
26,314
26,315
26,316
26,317
26,318
26,319
26,320
26,321
26,322
26,323
26,324
26,325
26,326
26,327
26,328
26,329
26,330
26,331
26,332
26,333
26,334
26,335
26,336
26,337
26,338
26,339
26,340
26,341
26,342
26,343
26,344
26,345
26,346
26,347
26,348
26,349
26,350
26,351
26,352
26,353
26,354
26,355
26,356
26,357
26,358
26,359
26,360
26,361
26,362
26,363
26,364
26,365
26,366
26,367
26,368
26,369
26,370
26,371
26,372
26,373
26,374
26,375
26,376
26,377
26,378
26,379
26,380
26,381
26,382
26,383
26,384
26,385
26,386
26,387
26,388
26,389
26,390
26,391
26,392
26,393
26,394
26,395
26,396
26,397
26,398
26,399
26,400
26,401
26,402
26,403
26,404
26,405
26,406
26,407
26,408
26,409
26,410
26,411
26,412
26,413
26,414
26,415
26,416
26,417
26,418
26,419
26,420
26,421
26,422
26,423
26,424
26,425
26,426
26,427
26,428
26,429
26,430
26,431
26,432
26,433
26,434
26,435
26,436
26,437
26,438
26,439
26,440
26,441
26,442
26,443
26,444
26,445
26,446
26,447
26,448
26,449
